1 0.685665 170.137
2 0.685665 343.94
3 0.857082 357.289
4 1.37133 400
5 1.28562 310.746
6 1.71416 276.406
7 2.65695 204.988
8 1.79987 166.774
9 1.88558 119.096
10 3.51403 91.9617
11 3.51403 67.4094
12 5.74245 54.2378
13 10.5421 41.4411
14 15.5132 33.7672
15 16.9702 28.207
16 0 24.9792
17 14.9989 20.7726
18 13.8847 18.8151
19 17.9987 16.8784
20 22.1127 16.3161
21 23.7412 14.2753
22 21.1699 13.9317
23 19.8843 12.6302
24 11.6563 13.1508
25 11.3992 11.7139
26 9.94215 11.7347
27 9.25648 10.7351
28 12.342 10.5269
29 14.5704 9.99583
30 16.3703 9.69388
31 17.3988 8.70471
32 18.1701 8.30904
33 22.5412 8.21533
34 22.3698 7.61141
35 23.2269 6.57018
36 25.4553 6.44523
37 22.7984 5.75802
38 26.0553 6.35152
39 22.7127 5.3207
40 21.8556 5.08122
41 21.7699 4.61266
42 23.9983 5.19575
43 21.6842 4.78967
44 23.3983 4.78967
45 25.3696 4.62307
46 28.2837 4.28988
47 27.5123 4.20658
48 0 4.3107
49 32.6548 4.11287
50 36.3403 4.12328
51 40.2828 3.76926
52 44.3111 3.82132
53 42.2541 3.48813
54 43.2826 3.76926
55 41.4827 3.17576
56 38.9972 3.24865
57 40.8828 3.19658
58 40.4543 3.01958
59 37.4545 3.0404
60 36.426 2.89463
61 40.1971 2.99875
62 43.7112 3.14452
63 43.9683 2.90504
64 50.9964 2.63432
65 53.4819 2.4469
66 58.0244 2.65514
67 54.339 2.21783
68 60.4243 2.197
69 54.8532 1.93669
70 56.9959 1.97834
71 48.6822 2.15535
72 58.1101 2.09288
73 60.51 2.40525
74 65.2239 2.26989
75 60.0814 2.25948
76 67.8809 2.43648
77 65.2239 2.09288
78 71.3949 1.98875
79 75.766 1.94711
80 0 1.98875
81 74.1376 1.93669
82 70.8807 2.2803
83 76.1946 1.98875
84 84.594 1.84298
85 86.1367 1.87422
86 92.3934 1.83257
87 98.8215 1.7701
88 104.05 1.90546
89 113.906 1.62432
90 120.506 1.71803
91 136.447 1.25989
92 152.303 1.10371
93 159.674 1.42649
94 164.988 1.04123
95 170.216 1.04123
96 191.386 1.06206
97 217.099 1.17659
98 226.87 1.07247
99 220.613 0.999583
100 239.897 0.864223
101 256.353 0.957934
102 283.523 0.843399
103 297.407 0.708038
104 318.063 0.697626
105 335.462 0.770512
106 343.347 0.687214
107 347.118 0.697626
108 340.861 0.645564
109 334.005 0.572678
110 339.319 0.551853
111 342.404 0.655977
112 0 0.645564
113 338.119 0.541441
114 348.918 0.603915
115 357.917 0.614327
116 344.29 0.676801
117 339.404 0.562266
118 348.232 0.478967
119 355.26 0.562266
120 388.858 0.551853
121 388.687 0.666389
122 396.486 0.531029
123 386.544 0.531029
124 384.573 0.531029
125 389.972 0.531029
126 400 0.458142
127 389.372 0.489379
128 398.114 1.81175
129 394.258 0.874636
130 388.858 1.86381
131 367.088 0.749688
132 373.088 1.53061
133 365.031 0.58309
134 351.403 1.45773
135 350.632 0.655977
136 348.747 0.957934
137 341.29 0.416493
138 318.32 0.864223
139 316.349 0.270721
140 303.75 0.791337
141 285.837 0.249896
142 278.123 0.510204
143 0 0.270721
144 261.067 0.354019
145 252.925 0.229071
146 238.526 0.395668
147 227.298 0.187422
148 205.014 0.229071
149 181.616 0.114536
150 181.187 0.208247
151 174.502 0.104123
152 183.073 0.270721
153 192.072 0.156185
154 207.071 0.145773
155 225.155 0.104123
156 222.584 0.13536
157 253.01 0.104123
158 238.869 0.114536
159 269.638 0.093711
160 261.41 0.166597
161 285.922 0.0520616
162 274.695 0.166597
163 279.666 0.0728863
164 271.609 0.13536
165 247.954 0.114536
166 244.354 0.124948
167 205.442 0.062474
168 174.33 0.0728863
169 140.219 0.062474
170 144.333 0.104123
171 110.906 0.0416493
172 103.45 0.0520616
173 84.7654 0.0208247
174 64.1954 0.0520616
175 0 0.0728863
176 51.0821 0.104123
177 35.3975 0.031237
178 24.4268 0.0416493
179 16.5417 0.031237
180 13.7133 0
181 7.28519 0.0208247
182 4.1997 0.031237
183 3.85687 0.0104123
184 3.68545 0.0728863
185 2.31412 0.0104123
186 3.68545 0.0208247
187 2.82837 0.0208247
188 2.48554 0.031237
189 3.08549 0.0104123
190 2.91408 0.0208247
191 2.057 0.0104123
192 2.65695 0.031237
193 2.91408 0.0104123
194 2.48554 0.0208247
195 2.39983 0
196 2.48554 0.031237
197 1.62846 0
198 1.79987 0.0208247
199 2.57124 0
200 1.54275 0.0208247
201 2.39983 0.0104123
202 2.22841 0.0104123
203 1.97129 0.0104123
204 2.31412 0.0104123
205 1.97129 0
206 2.48554 0.0208247
207 0 0
208 3.1712 0
209 2.39983 0.0104123
210 2.74266 0.0104123
211 2.74266 0.0208247
212 1.88558 0
213 2.48554 0
214 2.99979 0.0104123
215 2.99979 0
216 3.94258 0.0104123
217 2.48554 0
218 3.42833 0.0208247
219 3.1712 0
220 3.08549 0
221 3.1712 0
222 3.42833 0.0104123
223 4.28541 0
224 4.11399 0
225 3.51403 0
226 3.34262 0
227 3.51403 0
228 3.08549 0
229 3.42833 0
230 3.94258 0
231 5.2282 0
232 8.31369 0
233 14.4847 0
234 16.7988 0
235 21.6842 0
236 23.0555 0
237 20.7414 0
238 17.9987 0
239 0 0
240 17.3988 0
241 21.1699 0
242 20.1414 0
243 18.9415 0
244 12.5991 0
245 16.6274 0
246 15.2561 0
247 12.9419 0
248 10.1993 0.0104123
249 7.97086 0
250 6.85665 0
251 4.71395 0
252 4.54253 0
253 3.25691 0
254 3.25691 0
255 7.79944 0
