1 0
2 0
3 0
4 0
5 0
6 0
7 0
8 0
9 0
10 0
11 0
12 0
13 0
14 0.0539302
15 0.377511
16 0.215721
17 1.18646
18 4.74585
19 11.1635
20 14.3994
21 12.35
22 13.914
23 10.1389
24 4.04476
25 3.61332
26 4.04476
27 3.18188
28 3.02009
29 3.07402
30 2.64258
31 2.319
32 1.51004
33 1.88756
34 1.99542
35 1.51004
36 2.37293
37 3.9369
38 3.50546
39 3.66725
40 5.12337
41 6.20197
42 5.66267
43 6.90306
44 9.92315
45 11.8107
46 14.0758
47 17.5273
48 20.9788
49 26.264
50 32.6277
51 51.719
52 62.559
53 79.1695
54 103.816
55 110.934
56 132.183
57 148.524
58 146.582
59 127.707
60 118.808
61 104.139
62 103.546
63 98.9079
64 92.4902
65 74.154
66 59.8085
67 50.5865
68 41.2026
69 34.2996
70 29.1223
71 27.5583
72 26.3179
73 24.5382
74 20.7631
75 18.498
76 18.3363
77 18.0127
78 16.233
79 18.8216
80 18.6598
81 18.9295
82 18.0127
83 18.9295
84 18.552
85 16.6644
86 16.3948
87 15.5858
88 14.5072
89 15.424
90 13.159
91 14.6151
92 15.9633
93 17.5273
94 20.2777
95 23.9989
96 29.6077
97 33.7603
98 33.3288
99 33.221
100 38.2904
101 46.4878
102 49.8854
103 56.7885
104 65.6869
105 74.5854
106 89.9016
107 112.93
108 139.356
109 157.368
110 166.752
111 167.723
112 174.033
113 160.874
114 145.881
115 133.207
116 131.644
117 140.704
118 162.923
119 208.009
120 245.706
121 297.155
122 327.949
123 369.853
124 397.357
125 400
126 387.542
127 355.831
128 308.265
129 252.177
130 207.847
131 173.547
132 149.602
133 117.19
134 104.355
135 104.031
136 114.656
137 120.48
138 130.835
139 133.046
140 128.084
141 129.864
142 145.504
143 151.867
144 168.046
145 183.093
146 194.041
147 199.488
148 197.546
149 208.278
150 219.927
151 213.51
152 211.622
153 199.649
154 193.178
155 189.079
156 181.151
157 190.535
158 184.603
159 186.275
160 191.722
161 185.466
162 189.295
163 195.011
164 194.472
165 197.438
166 183.848
167 169.988
168 163.678
169 143.562
170 134.879
171 131.104
172 113.415
173 105.38
174 94.971
175 80.0863
176 79.2773
177 68.5992
178 64.4465
179 59.3232
180 54.9548
181 50.3708
182 52.7437
183 45.8406
184 37.5893
185 35.4321
186 31.2256
187 27.3426
188 19.3609
189 14.5611
190 8.46704
191 4.90764
192 2.53472
193 1.13253
194 0.215721
195 0.323581
196 0.0539302
197 0.10786
198 0
199 0
200 0
201 0
202 0
203 0
204 0
205 0
206 0
207 0
208 0
209 0
210 0
211 0
212 0
213 0
214 0
215 0
216 0
217 0
218 0
219 0
220 0
221 0
222 0
223 0
224 0
225 0
226 0
227 0
228 0
229 0
230 0
231 0
232 0
233 0
234 0
235 0
236 0
237 0
238 0
239 0
240 0
241 0
242 0
243 0
244 0
245 0
246 0
247 0
248 0
249 0
250 0
251 0
252 0
253 0
254 0
255 0
