0 0.229633 0.162468 -0.124597 -0.0414547 -0.229255 0.0136476 0.158497 -2.5167 -1.30301 0.62074 1.30508 -1.04705 0.157184 -0.0132796 0.0487344 -18.8357 1.59133 -5.83996 0.003378 0.510868 -0.343849 -18.8357 1.59133 -5.83996 -18.8357 1.59133 -5.83996 -5.79112 3.73452 -18.5456 
0.008 -0.00273566 0.0314158 -0.00471196 -0.0266611 0.00273116 -0.000162587 0.158497 -2.5167 -1.30301 0.62074 1.30508 -1.04705 0.00733923 0.0175479 0.00206553 -0.303909 -2.15144 -0.0690648 0.003631 0.511155 -0.344059 -0.303909 -2.15144 -0.0690648 -18.8357 1.59133 -5.83996 -5.79112 3.73452 -18.5456 
0.016 -0.00179539 0.0331001 -0.00541148 -0.0276606 0.00179243 -0.000106704 0.158497 -2.5167 -1.30301 0.62074 1.30508 -1.04705 0.00826433 0.018025 0.00234594 -0.303909 -2.15144 -0.0690648 0.003631 0.511155 -0.344059 -0.303909 -2.15144 -0.0690648 -18.8357 1.59133 -5.83996 -5.79112 3.73452 -18.5456 
0.024 -0.00282997 0.0331446 0.00114688 -0.0342473 0.00282531 -0.000168191 0.158497 -2.5167 -1.30301 0.62074 1.30508 -1.04703 0.00906955 0.0200023 0.000836041 -0.389475 -2.31104 0.114353 0.012799 0.504027 -0.343917 -0.389475 -2.31104 0.114353 -18.8357 1.59133 -5.83996 -5.79106 3.73462 -18.5456 
0.04 -0.00813298 0.0275183 -0.0112398 -0.0161494 0.00811928 -0.000489281 0.1598 -2.51537 -1.30452 0.620238 1.3037 -1.04697 0.00160843 0.0154776 0.00301096 0.518148 -1.68662 -0.149394 -0.013737 0.543591 -0.344297 0.518148 -1.68662 -0.149394 -18.8357 1.59133 -5.83996 -5.80122 3.74078 -18.5412 
0.048 -2.5938e-05 0.0290805 0.00359227 -0.0326724 2.5895e-05 -1.54951e-06 0.160012 -2.51537 -1.30434 0.620465 1.30376 -1.04695 0.00991125 0.0173798 0.00034288 -0.49053 -1.85056 0.174276 -0.009322 0.502576 -0.344211 -0.49053 -1.85056 0.174276 -18.8357 1.59133 -5.83996 -5.79703 3.73334 -18.544 
0.056 0.000943168 0.0359748 0.00025906 -0.0362486 -0.000941619 5.6015e-05 0.160647 -2.51447 -1.30412 0.619679 1.30386 -1.047 0.0119324 0.0201559 0.0014246 -0.72053 -2.11758 0.0401318 0.002485 0.494712 -0.343788 -0.72053 -2.11758 0.0401318 -18.8357 1.59133 -5.83996 -5.79845 3.71852 -18.5465 
0.064 -0.00317128 0.038422 -0.0032255 -0.0351471 0.00316611 -0.00018752 0.160421 -2.51419 -1.30423 0.61976 1.30386 -1.04694 0.00959812 0.0220217 0.00201353 -0.416149 -2.26648 -0.0326072 0.008764 0.507471 -0.344182 -0.416149 -2.26648 -0.0326072 -18.8357 1.59133 -5.83996 -5.79199 3.72077 -18.5481 
0.08 -0.0053526 0.040024 -0.00632443 -0.0336168 0.00534404 -0.000313826 0.160002 -2.51369 -1.30416 0.619679 1.30386 -1.04694 0.00819133 0.0228767 0.00261413 -0.230969 -2.28827 -0.103798 0.009774 0.515956 -0.343783 -0.230969 -2.28827 -0.103798 -18.8357 1.59133 -5.83996 -5.78016 3.72409 -18.5511 
0.088 -0.00225473 0.039853 -0.00600465 -0.0338134 0.0022511 -0.000132569 0.160031 -2.51357 -1.30415 0.619387 1.30386 -1.04705 0.0099837 0.021852 0.00274912 -0.43645 -2.08332 -0.116628 0.001309 0.506788 -0.343727 -0.43645 -2.08332 -0.116628 -18.8357 1.59133 -5.83996 -5.78348 3.72415 -18.55 
0.096 0.000690321 0.0416846 -0.00612139 -0.035574 -0.000689203 4.07156e-05 0.160068 -2.51332 -1.30418 0.618982 1.30387 -1.04694 0.0122305 0.0219024 0.00305282 -0.691107 -2.01337 -0.148896 -0.000711 0.496929 -0.343706 -0.691107 -2.01337 -0.148896 -18.8357 1.59133 -5.83996 -5.7865 3.72525 -18.5489 
0.104 -0.00153578 0.0422924 -0.00539601 -0.0368724 0.00153329 -9.07718e-05 0.160115 -2.5131 -1.30418 0.618651 1.30391 -1.04703 0.0112896 0.0231515 0.00277853 -0.554881 -2.09029 -0.11085 0.001807 0.501857 -0.343833 -0.554881 -2.09029 -0.11085 -18.8357 1.59133 -5.83996 -5.78958 3.72429 -18.5481 
0.12 -0.00693904 0.0406702 -0.00226407 -0.038298 0.00692775 -0.000410054 0.159593 -2.5124 -1.30424 0.618011 1.30396 -1.04702 0.00832729 0.0247622 0.00168499 -0.179223 -2.20857 0.0243823 0.006185 0.516188 -0.343908 -0.179223 -2.20857 0.0243823 -18.8357 1.59133 -5.83996 -5.78499 3.73215 -18.548 
0.128 -0.00868074 0.0399385 -0.00136931 -0.0384341 0.00866666 -0.000512295 0.159461 -2.51202 -1.30425 0.617719 1.30396 -1.04694 0.00728397 0.0251345 0.00135111 -0.0457311 -2.17443 0.0642451 0.004655 0.521782 -0.343977 -0.0457311 -2.17443 0.0642451 -18.8357 1.59133 -5.83996 -5.78222 3.73423 -18.5484 
0.136 -0.00699585 0.0399077 -0.00120594 -0.038593 0.00698452 -0.000412505 0.159376 -2.5117 -1.30425 0.617444 1.30396 -1.047 0.00827531 0.0246103 0.00143243 -0.162161 -2.03325 0.0524051 -0.000294 0.517701 -0.343823 -0.162161 -2.03325 0.0524051 -18.8357 1.59133 -5.83996 -5.78087 3.73489 -18.5487 
0.152 -0.0054446 0.041732 -0.00243969 -0.0392076 0.00543577 -0.000321295 0.159593 -2.51101 -1.30434 0.616804 1.30402 -1.04698 0.00947612 0.0248353 0.00189779 -0.300855 -1.98637 -0.00530771 -0.002032 0.511813 -0.343935 -0.300855 -1.98637 -0.00530771 -18.8357 1.59133 -5.83996 -5.78418 3.73071 -18.5485 
0.16 -0.00581875 0.0440199 -0.00367236 -0.0402572 0.00580936 -0.000342561 0.159593 -2.51061 -1.30434 0.616538 1.30415 -1.04694 0.00971888 0.0259496 0.00224498 -0.319878 -2.04824 -0.0470329 -0.000235 0.510566 -0.34398 -0.319878 -2.04824 -0.0470329 -18.8357 1.59133 -5.83996 -5.78301 3.72792 -18.5494 
0.168 -0.00686781 0.0469764 -0.00409219 -0.0427779 0.00685679 -0.000403197 0.159593 -2.51014 -1.30434 0.61623 1.30415 -1.04697 0.00995284 0.0278646 0.00239881 -0.336517 -2.20441 -0.0640007 0.006417 0.510616 -0.343825 -0.336517 -2.20441 -0.0640007 -18.8357 1.59133 -5.83996 -5.78052 3.72656 -18.5505 
0.176 -0.00680478 0.0496923 -0.00541389 -0.0441735 0.00679393 -0.000398173 0.159593 -2.5097 -1.30434 0.61597 1.30415 -1.04694 0.0105621 0.0290576 0.00281285 -0.397518 -2.26896 -0.111407 0.008498 0.507954 -0.344037 -0.397518 -2.26896 -0.111407 -18.8357 1.59133 -5.83996 -5.77731 3.72535 -18.5517 
0.192 -0.00527214 0.0500656 -0.00480122 -0.0451832 0.00526376 -0.000308119 0.159593 -2.50901 -1.30437 0.615379 1.3042 -1.04694 0.0116861 0.0289225 0.00281414 -0.518248 -2.17156 -0.107811 0.005483 0.503692 -0.343883 -0.518248 -2.17156 -0.107811 -18.8357 1.59133 -5.83996 -5.77664 3.72407 -18.5522 
0.2 -0.00528568 0.0493219 -0.00392743 -0.0453129 0.00527723 -0.000309751 0.159508 -2.50865 -1.30443 0.614918 1.30433 -1.04695 0.0116249 0.0287214 0.0026061 -0.492937 -2.06887 -0.0789871 0.001028 0.503939 -0.343639 -0.492937 -2.06887 -0.0789871 -18.8357 1.59133 -5.83996 -5.77969 3.72445 -18.5512 
0.208 -0.00700724 0.048845 -0.00290078 -0.0458361 0.00699604 -0.000410593 0.159165 -2.50825 -1.30449 0.614594 1.30434 -1.04694 0.010699 0.0292649 0.00225888 -0.364126 -2.05907 -0.0343841 0.001217 0.509553 -0.343926 -0.364126 -2.05907 -0.0343841 -18.8357 1.59133 -5.83996 -5.77651 3.7299 -18.5511 
0.216 -0.00952046 0.0493552 -0.00162541 -0.0475828 0.00950521 -0.000558396 0.158976 -2.5079 -1.30451 0.614205 1.30434 -1.04695 0.00967922 0.0306886 0.00184877 -0.228137 -2.15559 0.0162377 0.00395 0.514281 -0.343834 -0.228137 -2.15559 0.0162377 -18.8357 1.59133 -5.83996 -5.77573 3.73333 -18.5506 
0.232 -0.0105954 0.0498264 -0.00176725 -0.0478954 0.0105784 -0.000621854 0.158538 -2.50707 -1.30457 0.613396 1.30436 -1.04697 0.00917064 0.0312714 0.0018549 -0.158258 -2.14845 0.0151916 0.004414 0.516681 -0.3439 -0.158258 -2.14845 0.0151916 -18.8357 1.59133 -5.83996 -5.77252 3.74047 -18.5502 
0.24 -0.0100197 0.0509901 -0.00275895 -0.0480761 0.0100035 -0.00058883 0.158444 -2.50666 -1.30462 0.612958 1.30443 -1.04694 0.00965398 0.031498 0.00217438 -0.210111 -2.09834 -0.0236442 0.002173 0.515159 -0.343858 -0.210111 -2.09834 -0.0236442 -18.8357 1.59133 -5.83996 -5.77337 3.74173 -18.5497 
0.248 -0.0096532 0.0522861 -0.00376056 -0.0483762 0.00963764 -0.000567782 0.158397 -2.50622 -1.30464 0.612497 1.30463 -1.04694 0.0100554 0.0318655 0.00248985 -0.250935 -2.06667 -0.0608064 0.001071 0.51355 -0.343841 -0.250935 -2.06667 -0.0608064 -18.8357 1.59133 -5.83996 -5.77567 3.73964 -18.5494 
0.256 -0.0103227 0.0549515 -0.00518585 -0.049606 0.010306 -0.000606911 0.158378 -2.50573 -1.30467 0.61206 1.30463 -1.04694 0.0102001 0.0332417 0.00288836 -0.25948 -2.15711 -0.106575 0.004314 0.512798 -0.343909 -0.25948 -2.15711 -0.106575 -18.8357 1.59133 -5.83996 -5.77511 3.73978 -18.5495 
0.272 -0.0104553 0.0571777 -0.00508449 -0.0519317 0.0104385 -0.000614839 0.158336 -2.50477 -1.3047 0.611112 1.30485 -1.04694 0.0108346 0.0345734 0.00299114 -0.326228 -2.23963 -0.115307 0.007889 0.510357 -0.343884 -0.326228 -2.23963 -0.115307 -18.8357 1.59133 -5.83996 -5.77708 3.73694 -18.5495 
0.28 -0.0108985 0.0576942 -0.00358086 -0.0539446 0.0108809 -0.000641924 0.158336 -2.50433 -1.30473 0.610602 1.30487 -1.04694 0.0110547 0.0353847 0.00267729 -0.341239 -2.25679 -0.0736 0.008058 0.509479 -0.343845 -0.341239 -2.25679 -0.0736 -18.8357 1.59133 -5.83996 -5.77874 3.73736 -18.5489 
0.288 -0.0101534 0.0575257 -0.00229653 -0.0550714 0.0101369 -0.000600673 0.158336 -2.50395 -1.3048 0.610044 1.305 -1.04694 0.0116965 0.0353661 0.00246191 -0.405962 -2.17352 -0.0449189 0.005011 0.507478 -0.34373 -0.405962 -2.17352 -0.0449189 -18.8357 1.59133 -5.83996 -5.7841 3.73716 -18.5472 
0.304 -0.0103979 0.0567455 -0.00187126 -0.0547118 0.0103808 -0.000618655 0.158336 -2.50314 -1.30493 0.609031 1.30516 -1.04694 0.0113902 0.035109 0.00235693 -0.355013 -2.06412 -0.0305703 0.001283 0.50947 -0.343733 -0.355013 -2.06412 -0.0305703 -18.8357 1.59133 -5.83996 -5.79103 3.737 -18.5451 
0.312 -0.0111399 0.0565298 -0.000162613 -0.0561927 0.0111215 -0.000664911 0.158233 -2.50273 -1.30502 0.608522 1.30532 -1.04694 0.011252 0.0356535 0.00194931 -0.325413 -2.05458 0.0194521 0.000404 0.510581 -0.34393 -0.325413 -2.05458 0.0194521 -18.8357 1.59133 -5.83996 -5.79463 3.73749 -18.5439 
0.32 -0.0122035 0.0574421 -0.000174994 -0.0570755 0.0121831 -0.000730488 0.158138 -2.50227 -1.30507 0.607954 1.3054 -1.04694 0.0109166 0.0365143 0.00194723 -0.273365 -2.08383 0.019272 0.001873 0.513071 -0.343784 -0.273365 -2.08383 0.019272 -18.8357 1.59133 -5.83996 -5.79719 3.73912 -18.5427 
0.328 -0.0125349 0.0582239 9.04015e-05 -0.0581173 0.012514 -0.000750801 0.158035 -2.50178 -1.30511 0.607461 1.30543 -1.04694 0.0110215 0.0371325 0.00192407 -0.27583 -2.08315 0.021354 0.002212 0.512514 -0.343786 -0.27583 -2.08315 0.021354 -18.8357 1.59133 -5.83996 -5.79715 3.74059 -18.5425 
0.344 -0.0127037 0.0603553 -0.00163913 -0.0585168 0.0126825 -0.000760931 0.157851 -2.50072 -1.30522 0.606513 1.3057 -1.04694 0.0112144 0.0379653 0.00242788 -0.289033 -2.10804 -0.0397749 0.002043 0.512586 -0.343827 -0.289033 -2.10804 -0.0397749 -18.8357 1.59133 -5.83996 -5.79811 3.73923 -18.5424 
0.352 -0.0131392 0.0618889 -0.00219653 -0.0594863 0.0131172 -0.000786517 0.157776 -2.5002 -1.30523 0.606036 1.30577 -1.04698 0.0113184 0.0388392 0.0026124 -0.291181 -2.13712 -0.0607867 0.003129 0.512206 -0.344063 -0.291181 -2.13712 -0.0607867 -18.8357 1.59133 -5.83996 -5.79761 3.73889 -18.5427 
0.36 -0.0133924 0.0634335 -0.00138918 -0.0618345 0.0133701 -0.000801521 0.157701 -2.49971 -1.30523 0.60555 1.30596 -1.04694 0.0118237 0.0399999 0.00251752 -0.341278 -2.19954 -0.0473444 0.005881 0.510613 -0.344027 -0.341278 -2.19954 -0.0473444 -18.8357 1.59133 -5.83996 -5.7984 3.73723 -18.5428 
0.368 -0.0136727 0.065184 -0.00197706 -0.0629931 0.0136499 -0.000817038 0.157625 -2.49922 -1.30523 0.605153 1.306 -1.047 0.0120781 0.040939 0.00272747 -0.359767 -2.23333 -0.0707287 0.007239 0.509769 -0.343837 -0.359767 -2.23333 -0.0707287 -18.8357 1.59133 -5.83996 -5.79679 3.73692 -18.5433 
0.384 -0.0134917 0.0646171 -0.000897183 -0.0635092 0.0134693 -0.000805887 0.157499 -2.49827 -1.30534 0.604335 1.30626 -1.047 0.0122244 0.0408285 0.00251674 -0.364461 -2.13999 -0.0430601 0.00367 0.50851 -0.343987 -0.364461 -2.13999 -0.0430601 -18.8357 1.59133 -5.83996 -5.79777 3.73458 -18.5435 
0.392 -0.0137869 0.0638802 0.000697822 -0.0643625 0.0137639 -0.000824392 0.157376 -2.49783 -1.30539 0.603874 1.30626 -1.04694 0.0121595 0.0409054 0.00213761 -0.3436 -2.07177 0.00406862 0.001227 0.509734 -0.343941 -0.3436 -2.07177 0.00406862 -18.8357 1.59133 -5.83996 -5.79741 3.73743 -18.543 
0.4 -0.014043 0.0650716 0.00019834 -0.06505 0.0140195 -0.000841475 0.157235 -2.49741 -1.30544 0.603388 1.30639 -1.04702 0.0122688 0.0415408 0.00231004 -0.344243 -2.07306 -0.016486 0.00124 0.509357 -0.34396 -0.344243 -2.07306 -0.016486 -18.8357 1.59133 -5.83996 -5.79965 3.73813 -18.5422 
0.416 -0.0144812 0.0655279 0.00122352 -0.0665252 0.0144571 -0.000865922 0.156863 -2.49636 -1.30549 0.602505 1.30649 -1.04702 0.0123664 0.0422008 0.00212292 -0.343565 -2.07763 0.00641852 0.000887 0.510291 -0.343939 -0.343565 -2.07763 0.00641852 -18.8357 1.59133 -5.83996 -5.79515 3.74181 -18.5428 
0.424 -0.0144374 0.0665461 0.000638945 -0.0669602 0.0144134 -0.000860922 0.156684 -2.4958 -1.30548 0.602093 1.30664 -1.04694 0.0125849 0.0426179 0.00232135 -0.357395 -2.05295 -0.0174667 0.000747 0.509466 -0.343935 -0.357395 -2.05295 -0.0174667 -18.8357 1.59133 -5.83996 -5.79196 3.74173 -18.5439 
0.432 -0.0152818 0.0682976 -0.000171262 -0.067889 0.0152566 -0.000908997 0.15651 -2.49523 -1.30548 0.601671 1.3067 -1.04702 0.0124657 0.0436852 0.00254863 -0.330334 -2.10691 -0.0442035 0.002019 0.510589 -0.343996 -0.330334 -2.10691 -0.0442035 -18.8357 1.59133 -5.83996 -5.7889 3.74202 -18.5448 
0.44 -0.0158821 0.0700762 -0.00102624 -0.068804 0.015856 -0.000942271 0.156312 -2.49468 -1.30547 0.601259 1.30673 -1.04694 0.0124929 0.0446752 0.00280243 -0.321572 -2.1501 -0.0731713 0.00432 0.511291 -0.343833 -0.321572 -2.1501 -0.0731713 -18.8357 1.59133 -5.83996 -5.78464 3.74413 -18.5457 
0.456 -0.0168106 0.071512 -0.00115206 -0.0701009 0.0167832 -0.000993215 0.15594 -2.49358 -1.30544 0.60036 1.30693 -1.04694 0.0123701 0.0457628 0.00288525 -0.29525 -2.20336 -0.0806214 0.005612 0.511652 -0.343879 -0.29525 -2.20336 -0.0806214 -18.8357 1.59133 -5.83996 -5.77921 3.74526 -18.5471 
0.464 -0.0169085 0.0719401 -0.00118688 -0.0704931 0.016881 -0.000997695 0.155766 -2.493 -1.30547 0.599882 1.30702 -1.04702 0.0124303 0.0460304 0.00293166 -0.291707 -2.15651 -0.0833254 0.00465 0.511675 -0.343864 -0.291707 -2.15651 -0.0833254 -18.8357 1.59133 -5.83996 -5.77745 3.74581 -18.5476 
0.472 -0.0173537 0.0725397 -0.000463854 -0.0718094 0.0173256 -0.00102252 0.155653 -2.49246 -1.30548 0.599428 1.30718 -1.04694 0.0125128 0.0466971 0.00280269 -0.291089 -2.15862 -0.0648896 0.004636 0.512052 -0.343846 -0.291089 -2.15862 -0.0648896 -18.8357 1.59133 -5.83996 -5.77632 3.74496 -18.5481 
0.48 -0.0180669 0.073329 0.000234353 -0.0732859 0.0180377 -0.00106511 0.15554 -2.49196 -1.30548 0.598902 1.30726 -1.04702 0.012486 0.0475549 0.00267461 -0.277408 -2.18382 -0.0471091 0.005116 0.512319 -0.343851 -0.277408 -2.18382 -0.0471091 -18.8357 1.59133 -5.83996 -5.77685 3.7453 -18.5478 
0.496 -0.0186221 0.0731376 0.00119505 -0.0740465 0.0185918 -0.00110001 0.15531 -2.49087 -1.30548 0.597688 1.3076 -1.047 0.0122968 0.0478713 0.00248442 -0.244683 -2.14337 -0.0225282 0.003484 0.513637 -0.343847 -0.244683 -2.14337 -0.0225282 -18.8357 1.59133 -5.83996 -5.77977 3.7446 -18.5471 
0.504 -0.0183288 0.0734722 0.00109459 -0.074285 0.0182989 -0.00108399 0.155216 -2.49031 -1.30548 0.597056 1.30779 -1.04694 0.0125438 0.0479412 0.00257416 -0.265316 -2.07446 -0.0323399 0.000378 0.512849 -0.34402 -0.265316 -2.07446 -0.0323399 -18.8357 1.59133 -5.83996 -5.78156 3.74408 -18.5466 
0.512 -0.0185957 0.0751312 0.000635463 -0.0754805 0.0185652 -0.00110155 0.155131 -2.48973 -1.30546 0.596368 1.308 -1.04702 0.0127968 0.0488567 0.00277948 -0.28621 -2.10922 -0.0558339 0.002382 0.512028 -0.34383 -0.28621 -2.10922 -0.0558339 -18.8357 1.59133 -5.83996 -5.78461 3.74234 -18.546 
0.52 -0.0188439 0.0765421 0.00097976 -0.077232 0.018813 -0.00111689 0.155046 -2.48913 -1.30543 0.595696 1.30822 -1.04697 0.0131603 0.0498268 0.00280187 -0.319587 -2.14983 -0.0566372 0.004 0.511087 -0.343816 -0.319587 -2.14983 -0.0566372 -18.8357 1.59133 -5.83996 -5.78634 3.74065 -18.5458 
0.536 -0.0190799 0.0778856 0.00078126 -0.078373 0.0190484 -0.00113369 0.154919 -2.48784 -1.30538 0.594206 1.30859 -1.04702 0.0133791 0.0506208 0.00297964 -0.334492 -2.16792 -0.0759073 0.004176 0.510217 -0.343827 -0.334492 -2.16792 -0.0759073 -18.8357 1.59133 -5.83996 -5.79118 3.73771 -18.5449 
0.544 -0.0191643 0.0785635 0.00118349 -0.0794514 0.0191326 -0.00114108 0.154778 -2.48722 -1.30537 0.593453 1.30876 -1.04698 0.0136181 0.0511364 0.00296635 -0.351198 -2.15186 -0.0716896 0.004252 0.509192 -0.343605 -0.351198 -2.15186 -0.0716896 -18.8357 1.59133 -5.83996 -5.79343 3.73829 -18.5441 
0.552 -0.0194043 0.0794685 0.00158882 -0.0807571 0.0193719 -0.00115955 0.154627 -2.48662 -1.30536 0.592635 1.30889 -1.04702 0.013834 0.0518334 0.00295892 -0.364534 -2.15794 -0.0681997 0.00388 0.508695 -0.3438 -0.364534 -2.15794 -0.0681997 -18.8357 1.59133 -5.83996 -5.79683 3.74007 -18.5427 
0.568 -0.0198046 0.0793368 0.00279483 -0.0818245 0.0197713 -0.00118748 0.154236 -2.48537 -1.30528 0.591113 1.30914 -1.047 0.0137997 0.0521996 0.00274944 -0.347381 -2.12428 -0.0406268 0.002522 0.509538 -0.343991 -0.347381 -2.12428 -0.0406268 -18.8357 1.59133 -5.83996 -5.7987 3.74419 -18.5413 
0.576 -0.019988 0.0798312 0.00311564 -0.0826364 0.0199543 -0.00120044 0.153987 -2.48474 -1.30527 0.590376 1.30925 -1.04702 0.0139047 0.0526237 0.00273765 -0.347389 -2.09856 -0.0376044 0.001756 0.510122 -0.343771 -0.347389 -2.09856 -0.0376044 -18.8357 1.59133 -5.83996 -5.79911 3.74711 -18.5405 
0.584 -0.0207375 0.0802276 0.00467024 -0.0845756 0.0207025 -0.00124674 0.15377 -2.48413 -1.30526 0.589688 1.30939 -1.04705 0.0139148 0.05349 0.00242321 -0.336109 -2.12678 0.0014434 0.002561 0.510208 -0.343761 -0.336109 -2.12678 0.0014434 -18.8357 1.59133 -5.83996 -5.79953 3.74876 -18.5401 
0.592 -0.0209434 0.0811959 0.0042919 -0.085163 0.0209082 -0.00125725 0.15354 -2.4835 -1.30523 0.589105 1.30949 -1.04705 0.0140092 0.0540133 0.00257774 -0.335276 -2.11318 -0.0169157 0.002346 0.510408 -0.34398 -0.335276 -2.11318 -0.0169157 -18.8357 1.59133 -5.83996 -5.79691 3.75036 -18.5406 
0.608 -0.0218019 0.0814884 0.00438251 -0.085534 0.0217653 -0.00130572 0.153159 -2.48219 -1.30522 0.587923 1.30979 -1.04708 0.0136082 0.0544856 0.00258878 -0.275173 -2.09375 -0.0177292 0.001254 0.512295 -0.34382 -0.275173 -2.09375 -0.0177292 -18.8357 1.59133 -5.83996 -5.7942 3.75054 -18.5414 
0.616 -0.0220662 0.0830227 0.00387386 -0.0865567 0.0220295 -0.0013181 0.152989 -2.48156 -1.30511 0.587332 1.30999 -1.04707 0.0138183 0.055317 0.00280258 -0.290124 -2.118 -0.0427165 0.002043 0.512586 -0.343827 -0.290124 -2.118 -0.0427165 -18.8357 1.59133 -5.83996 -5.79193 3.7492 -18.5424 
0.624 -0.022701 0.0838022 0.00385461 -0.0873086 0.0226634 -0.00135151 0.152815 -2.48088 -1.30502 0.586749 1.31021 -1.0471 0.0136826 0.0559652 0.00284632 -0.263513 -2.11965 -0.0465567 0.003019 0.512993 -0.343859 -0.263513 -2.11965 -0.0465567 -18.8357 1.59133 -5.83996 -5.78937 3.74697 -18.5436 
0.632 -0.0232518 0.0849816 0.0039835 -0.0886105 0.0232137 -0.0013778 0.152683 -2.48017 -1.30492 0.586206 1.31045 -1.0471 0.013753 0.0568506 0.00288711 -0.262334 -2.14957 -0.0497925 0.003445 0.512967 -0.344076 -0.262334 -2.14957 -0.0497925 -18.8357 1.59133 -5.83996 -5.786 3.74324 -18.5454 
0.648 -0.0236775 0.085938 0.00487084 -0.090451 0.0236392 -0.00139286 0.152444 -2.47882 -1.30474 0.585089 1.31098 -1.04711 0.0139798 0.0577656 0.00279868 -0.280081 -2.1821 -0.0374232 0.005116 0.512319 -0.343851 -0.280081 -2.1821 -0.0374232 -18.8357 1.59133 -5.83996 -5.78201 3.73561 -18.5482 
0.656 -0.0237975 0.0866824 0.00500233 -0.0913264 0.0237592 -0.00139593 0.152293 -2.47814 -1.30467 0.58449 1.31122 -1.04715 0.0141604 0.0582648 0.00284496 -0.291746 -2.16365 -0.0415562 0.004852 0.511851 -0.343627 -0.291746 -2.16365 -0.0415562 -18.8357 1.59133 -5.83996 -5.78038 3.73282 -18.5493 
0.664 -0.0234787 0.0870534 0.0054647 -0.0921654 0.0234411 -0.00137486 0.152142 -2.47746 -1.30461 0.58385 1.31143 -1.04711 0.0145506 0.0584927 0.00282858 -0.328085 -2.11307 -0.0381224 0.002881 0.510412 -0.343777 -0.328085 -2.11307 -0.0381224 -18.8357 1.59133 -5.83996 -5.77926 3.7314 -18.5499 
0.672 -0.0236847 0.0885103 0.0050361 -0.0931913 0.0236468 -0.00138553 0.152015 -2.4768 -1.30459 0.583227 1.31161 -1.04716 0.0147804 0.0592808 0.00303407 -0.344023 -2.13127 -0.0613575 0.003703 0.509565 -0.343789 -0.344023 -2.13127 -0.0613575 -18.8357 1.59133 -5.83996 -5.77904 3.72994 -18.5503 
0.688 -0.0240351 0.0891787 0.00619734 -0.0950165 0.0239967 -0.00140454 0.151634 -2.47545 -1.30448 0.581818 1.31192 -1.0472 0.0150107 0.0600789 0.00289557 -0.359338 -2.1504 -0.0426799 0.004192 0.50889 -0.343766 -0.359338 -2.1504 -0.0426799 -18.8357 1.59133 -5.83996 -5.77765 3.73055 -18.5506 
0.696 -0.0240348 0.0900832 0.00587189 -0.0955953 0.0239964 -0.00140625 0.151417 -2.47474 -1.30446 0.581016 1.31207 -1.0472 0.0152095 0.0605122 0.00306935 -0.370321 -2.12512 -0.0618695 0.003067 0.5086 -0.34376 -0.370321 -2.12512 -0.0618695 -18.8357 1.59133 -5.83996 -5.77818 3.73232 -18.55 
0.704 -0.0246336 0.0906043 0.00682105 -0.0970565 0.0245941 -0.00144258 0.151149 -2.47404 -1.30444 0.580247 1.31226 -1.04723 0.0152135 0.0612496 0.00291685 -0.357548 -2.13695 -0.0414743 0.003657 0.508887 -0.343968 -0.357548 -2.13695 -0.0414743 -18.8357 1.59133 -5.83996 -5.77852 3.73384 -18.5496 
0.72 -0.0252407 0.0915816 0.0066014 -0.0978037 0.0251998 -0.00148591 0.150608 -2.47261 -1.30437 0.578433 1.31264 -1.04726 0.0150901 0.0619534 0.0031011 -0.329833 -2.14452 -0.0619522 0.003967 0.510032 -0.344014 -0.329833 -2.14452 -0.0619522 -18.8357 1.59133 -5.83996 -5.78218 3.73874 -18.5475 
0.728 -0.0260962 0.0919172 0.00680843 -0.0983326 0.0260537 -0.00154059 0.150321 -2.47185 -1.30436 0.577502 1.31285 -1.04726 0.0147306 0.0624783 0.00308771 -0.274749 -2.13037 -0.0582312 0.003827 0.512522 -0.343852 -0.274749 -2.13037 -0.0582312 -18.8357 1.59133 -5.83996 -5.78419 3.74132 -18.5464 
0.736 -0.0268822 0.0922745 0.00780959 -0.099678 0.026838 -0.0015937 0.150114 -2.47113 -1.30434 0.576522 1.31311 -1.04729 0.0145829 0.0631982 0.00292004 -0.246875 -2.13997 -0.0360254 0.003804 0.513841 -0.343863 -0.246875 -2.13997 -0.0360254 -18.8357 1.59133 -5.83996 -5.78885 3.74223 -18.5447 
0.744 -0.0272628 0.0929518 0.00833979 -0.100879 0.0272177 -0.00161954 0.14994 -2.47037 -1.30429 0.575583 1.31336 -1.04728 0.0146719 0.0638473 0.00289294 -0.248513 -2.14088 -0.0313632 0.003804 0.513841 -0.343863 -0.248513 -2.14088 -0.0313632 -18.8357 1.59133 -5.83996 -5.79149 3.74206 -18.5439 
0.76 -0.0273719 0.0932067 0.009174 -0.101966 0.0273263 -0.00163272 0.149619 -2.46885 -1.30425 0.573786 1.31387 -1.04728 0.0148368 0.0642492 0.00284999 -0.259354 -2.11209 -0.0250641 0.002053 0.512766 -0.343842 -0.259354 -2.11209 -0.0250641 -18.8357 1.59133 -5.83996 -5.79722 3.74111 -18.5423 
0.768 -0.0275551 0.0942866 0.00983048 -0.1037 0.0275093 -0.001642 0.149483 -2.46814 -1.3042 0.573081 1.31412 -1.04741 0.0151843 0.0650975 0.00282495 -0.291727 -2.13765 -0.0211278 0.003135 0.511821 -0.344031 -0.291727 -2.13765 -0.0211278 -18.8357 1.59133 -5.83996 -5.79788 3.73817 -18.5427 
0.776 -0.0276465 0.0946837 0.0110173 -0.105284 0.0276006 -0.00164542 0.149295 -2.46738 -1.30413 0.572312 1.3143 -1.04729 0.0155018 0.0656626 0.00265219 -0.319468 -2.12866 0.000354253 0.002825 0.510676 -0.343986 -0.319468 -2.12866 0.000354253 -18.8357 1.59133 -5.83996 -5.79624 3.73856 -18.5432 
0.784 -0.0273054 0.0961807 0.010137 -0.105906 0.0272602 -0.00162412 0.149121 -2.46663 -1.30413 0.571592 1.31449 -1.04745 0.0159503 0.0661801 0.00300644 -0.361872 -2.1141 -0.0419926 0.002565 0.509651 -0.343764 -0.361872 -2.1141 -0.0419926 -18.8357 1.59133 -5.83996 -5.79651 3.73712 -18.5434 
0.8 -0.0274473 0.0971941 0.0108218 -0.107605 0.0274023 -0.0016249 0.148683 -2.46513 -1.30399 0.570223 1.31485 -1.0475 0.0163032 0.0669884 0.0030192 -0.391384 -2.13489 -0.0422409 0.003034 0.507545 -0.343957 -0.391384 -2.13489 -0.0422409 -18.8357 1.59133 -5.83996 -5.79166 3.73623 -18.5451 
0.808 -0.0275503 0.0975277 0.0109945 -0.10811 0.0275052 -0.00162881 0.148438 -2.46435 -1.30397 0.569502 1.31505 -1.04737 0.0163811 0.0672572 0.00305096 -0.3868 -2.09046 -0.0445287 0.002039 0.508706 -0.343938 -0.3868 -2.09046 -0.0445287 -18.8357 1.59133 -5.83996 -5.78949 3.73734 -18.5455 
0.816 -0.0284569 0.0985177 0.0110873 -0.10918 0.0284104 -0.00168148 0.148161 -2.46359 -1.30395 0.568749 1.31528 -1.04754 0.0161602 0.0681444 0.00310209 -0.346405 -2.12138 -0.0490672 0.003168 0.509561 -0.343991 -0.346405 -2.12138 -0.0490672 -18.8357 1.59133 -5.83996 -5.78918 3.73712 -18.5457 
0.824 -0.0295409 0.0988575 0.0118172 -0.110235 0.0294929 -0.00174016 0.147836 -2.46283 -1.30389 0.568094 1.31552 -1.04737 0.0157976 0.0688806 0.0029598 -0.290278 -2.1335 -0.0302777 0.003781 0.511844 -0.344032 -0.290278 -2.1335 -0.0302777 -18.8357 1.59133 -5.83996 -5.78498 3.73821 -18.5467 
0.84 -0.0303726 0.0994545 0.0119425 -0.110952 0.0303244 -0.00176736 0.147351 -2.46125 -1.30374 0.567057 1.31613 -1.04739 0.0155174 0.0695303 0.00300572 -0.24597 -2.13472 -0.0345901 0.003498 0.51326 -0.343865 -0.24597 -2.13472 -0.0345901 -18.8357 1.59133 -5.83996 -5.77488 3.7312 -18.5513 
0.848 -0.0309716 0.100459 0.0120513 -0.112052 0.0309214 -0.00182259 0.147153 -2.46046 -1.30368 0.565559 1.31641 -1.04754 0.0154669 0.0703331 0.00312547 -0.230829 -2.1542 -0.0477204 0.004943 0.513754 -0.343888 -0.230829 -2.1542 -0.0477204 -18.8357 1.59133 -5.83996 -5.7868 3.7339 -18.547 
0.856 -0.0310389 0.1011 0.0122883 -0.112928 0.0309883 -0.00182962 0.146951 -2.45968 -1.30358 0.564588 1.31667 -1.04744 0.0156665 0.0707849 0.0031883 -0.246377 -2.131 -0.0536042 0.003818 0.513464 -0.343881 -0.246377 -2.131 -0.0536042 -18.8357 1.59133 -5.83996 -5.78862 3.73438 -18.5464 
0.872 -0.0312391 0.102047 0.0132419 -0.114824 0.0311875 -0.00185431 0.146608 -2.4581 -1.3034 0.562418 1.31707 -1.04752 0.0160021 0.0716506 0.00320389 -0.277815 -2.15799 -0.0535771 0.0049 0.512519 -0.34407 -0.277815 -2.15799 -0.0535771 -18.8357 1.59133 -5.83996 -5.7962 3.73612 -18.5437 
0.88 -0.0310708 0.102598 0.0141723 -0.116307 0.0310192 -0.00184962 0.1464 -2.45728 -1.30329 0.561317 1.31729 -1.0475 0.016448 0.0721588 0.00314344 -0.321424 -2.14146 -0.0444067 0.003694 0.510507 -0.343818 -0.321424 -2.14146 -0.0444067 -18.8357 1.59133 -5.83996 -5.79903 3.73739 -18.5425 
0.888 -0.0307161 0.10344 0.0142465 -0.117227 0.0306647 -0.00183424 0.146179 -2.45645 -1.30317 0.560191 1.3175 -1.04757 0.0169024 0.0725495 0.0032915 -0.364557 -2.11121 -0.0605031 0.003224 0.509298 -0.343783 -0.364557 -2.11121 -0.0605031 -18.8357 1.59133 -5.83996 -5.80223 3.73866 -18.5413 
0.896 -0.0307897 0.103218 0.0163706 -0.119127 0.0307378 -0.00184431 0.145915 -2.45566 -1.30309 0.559139 1.31773 -1.04745 0.0172323 0.0730072 0.00291758 -0.391222 -2.09 -0.0136069 0.002059 0.507944 -0.343924 -0.391222 -2.09 -0.0136069 -18.8357 1.59133 -5.83996 -5.80447 3.7414 -18.54 
0.912 -0.030909 0.103779 0.0165019 -0.119819 0.0308572 -0.00184806 0.145313 -2.45403 -1.30275 0.55726 1.31827 -1.04745 0.0173375 0.0734153 0.00306003 -0.38991 -2.06365 -0.0299354 0.000966 0.508709 -0.34372 -0.38991 -2.06365 -0.0299354 -18.8357 1.59133 -5.83996 -5.80232 3.74188 -18.5406 
0.92 -0.0315468 0.103902 0.017501 -0.120932 0.0314939 -0.00188497 0.145059 -2.45322 -1.30259 0.556329 1.31858 -1.04766 0.0171909 0.0739661 0.00290049 -0.358311 -2.05532 -0.00982909 0.000408 0.510024 -0.343933 -0.358311 -2.05532 -0.00982909 -18.8357 1.59133 -5.83996 -5.80306 3.73966 -18.5408 
0.928 -0.0326044 0.10407 0.0184039 -0.12199 0.0325502 -0.0019417 0.144781 -2.4524 -1.30236 0.555462 1.31886 -1.0475 0.0168264 0.0746496 0.00273335 -0.301584 -2.0633 0.0106607 0.000714 0.511727 -0.343975 -0.301584 -2.0633 0.0106607 -18.8357 1.59133 -5.83996 -5.79942 3.73921 -18.542 
0.936 -0.0332743 0.105312 0.0178756 -0.122697 0.0332196 -0.00196894 0.144476 -2.45154 -1.30209 0.554693 1.31912 -1.04763 0.0166912 0.0754472 0.00295238 -0.274233 -2.08474 -0.0158587 0.00156 0.512876 -0.343818 -0.274233 -2.08474 -0.0158587 -18.8357 1.59133 -5.83996 -5.79346 3.73659 -18.5444 
0.952 -0.0342338 0.106113 0.0188452 -0.124459 0.0341785 -0.00200782 0.143962 -2.44983 -1.30169 0.55309 1.31957 -1.0476 0.0165722 0.0764869 0.00288225 -0.249975 -2.1345 -0.00702757 0.004131 0.51366 -0.343847 -0.249975 -2.1345 -0.00702757 -18.8357 1.59133 -5.83996 -5.78448 3.73432 -18.5477 
0.96 -0.0344968 0.107549 0.0183614 -0.12541 0.0344417 -0.00201199 0.143689 -2.44893 -1.30151 0.552321 1.31976 -1.04765 0.0167438 0.0772711 0.00313507 -0.261417 -2.15201 -0.037023 0.004307 0.51279 -0.343858 -0.261417 -2.15201 -0.037023 -18.8357 1.59133 -5.83996 -5.77876 3.73306 -18.5497 
0.968 -0.034538 0.109736 0.0174597 -0.126697 0.034483 -0.00201137 0.143459 -2.44808 -1.30139 0.551438 1.31997 -1.04755 0.0171902 0.0782966 0.00355662 -0.30557 -2.19763 -0.0863694 0.005885 0.511178 -0.344075 -0.30557 -2.19763 -0.0863694 -18.8357 1.59133 -5.83996 -5.77688 3.73342 -18.5502 
0.976 -0.0345907 0.110213 0.0186351 -0.128349 0.0345357 -0.0020128 0.143247 -2.44721 -1.30127 0.550483 1.3202 -1.04771 0.0175258 0.0789049 0.00343159 -0.335045 -2.19176 -0.0685482 0.006221 0.510055 -0.34403 -0.335045 -2.19176 -0.0685482 -18.8357 1.59133 -5.83996 -5.77692 3.732 -18.5505 
0.992 -0.0346555 0.110463 0.0195703 -0.129532 0.0345999 -0.00202667 0.142687 -2.4455 -1.30107 0.54828 1.32079 -1.0477 0.0177266 0.0793285 0.0034366 -0.34722 -2.1637 -0.0665875 0.005422 0.509584 -0.344008 -0.34722 -2.1637 -0.0665875 -18.8357 1.59133 -5.83996 -5.78198 3.73403 -18.5485 
1 -0.0349162 0.111701 0.0197144 -0.130909 0.0348597 -0.00204976 0.142409 -2.44466 -1.30098 0.547131 1.32112 -1.04762 0.0179695 0.0801609 0.00358982 -0.363908 -2.18551 -0.0825443 0.005598 0.508714 -0.344019 -0.363908 -2.18551 -0.0825443 -18.8357 1.59133 -5.83996 -5.78586 3.73543 -18.547 
1.008 -0.0351413 0.111126 0.0210337 -0.131649 0.0350839 -0.00207105 0.142174 -2.44377 -1.30089 0.545924 1.32143 -1.04766 0.0179192 0.0802645 0.00336483 -0.344887 -2.11947 -0.0527011 0.003168 0.509561 -0.343991 -0.344887 -2.11947 -0.0527011 -18.8357 1.59133 -5.83996 -5.79047 3.73581 -18.5455 
1.024 -0.0358357 0.110581 0.0233964 -0.133452 0.0357761 -0.00213273 0.141613 -2.44207 -1.30065 0.543415 1.32197 -1.04772 0.0178042 0.080824 0.00301264 -0.318607 -2.10997 -0.00844213 0.002934 0.510706 -0.343566 -0.318607 -2.10997 -0.00844213 -18.8357 1.59133 -5.83996 -5.79994 3.74031 -18.5416 
1.032 -0.0361785 0.110049 0.0242835 -0.133802 0.0361181 -0.00215623 0.141308 -2.44115 -1.3005 0.542256 1.32217 -1.04777 0.0176107 0.0808788 0.00286242 -0.283822 -2.04063 0.0101008 -0.000401 0.511617 -0.343984 -0.283822 -2.04063 0.0101008 -18.8357 1.59133 -5.83996 -5.80051 3.7426 -18.541 
1.04 -0.0367645 0.111286 0.0241276 -0.134876 0.0367033 -0.0021874 0.140955 -2.44024 -1.30032 0.54126 1.32236 -1.04772 0.0176048 0.0817404 0.0030452 -0.272727 -2.07015 -0.0120652 0.000718 0.512292 -0.344022 -0.272727 -2.07015 -0.0120652 -18.8357 1.59133 -5.83996 -5.79729 3.74485 -18.5416 
1.048 -0.0371885 0.112179 0.0245507 -0.136187 0.0371269 -0.00220699 0.14064 -2.43933 -1.30011 0.540289 1.32257 -1.04782 0.0176992 0.0825111 0.0030919 -0.274178 -2.08823 -0.0173472 0.001254 0.512295 -0.34382 -0.274178 -2.08823 -0.0173472 -18.8357 1.59133 -5.83996 -5.79432 3.74501 -18.5425 
1.064 -0.037544 0.113023 0.0253167 -0.1378 0.0374832 -0.00220379 0.140042 -2.43746 -1.29956 0.538491 1.32306 -1.04774 0.0178996 0.0833341 0.00313375 -0.288335 -2.11188 -0.0217672 0.001723 0.512382 -0.343811 -0.288335 -2.11188 -0.0217672 -18.8357 1.59133 -5.83996 -5.78283 3.74272 -18.5465 
1.072 -0.0379804 0.114477 0.0255185 -0.139452 0.0379195 -0.00221809 0.139821 -2.43657 -1.29925 0.537576 1.32337 -1.0478 0.0181157 0.0843717 0.00327092 -0.303947 -2.16043 -0.0374455 0.003944 0.511351 -0.344024 -0.303947 -2.16043 -0.0374455 -18.8357 1.59133 -5.83996 -5.77918 3.73888 -18.5484 
1.08 -0.038191 0.115829 0.0252511 -0.140537 0.0381303 -0.00221897 0.139566 -2.43564 -1.29901 0.536694 1.32374 -1.04772 0.0183441 0.085148 0.00350572 -0.320474 -2.17605 -0.0643211 0.005412 0.510526 -0.344037 -0.320474 -2.17605 -0.0643211 -18.8357 1.59133 -5.83996 -5.7752 3.73554 -18.5503 
1.088 -0.0385389 0.116459 0.0264227 -0.142335 0.0384778 -0.00223671 0.139308 -2.43476 -1.29887 0.53573 1.32409 -1.04787 0.0185544 0.085944 0.00339929 -0.334239 -2.19329 -0.0493993 0.005901 0.509852 -0.344013 -0.334239 -2.19329 -0.0493993 -18.8357 1.59133 -5.83996 -5.77571 3.73279 -18.5507 
1.104 -0.0386604 0.116872 0.0267206 -0.143044 0.0385987 -0.002251 0.138738 -2.43294 -1.29853 0.533374 1.32468 -1.04779 0.0186405 0.0863163 0.00356944 -0.332618 -2.15915 -0.0679324 0.005149 0.510059 -0.343812 -0.332618 -2.15915 -0.0679324 -18.8357 1.59133 -5.83996 -5.77876 3.7346 -18.5494 
1.112 -0.0390269 0.117428 0.0275362 -0.144409 0.038964 -0.00228359 0.138385 -2.43204 -1.29841 0.532079 1.32497 -1.0479 0.0187358 0.086982 0.00355424 -0.332067 -2.16112 -0.0637685 0.004503 0.510036 -0.343811 -0.332067 -2.16112 -0.0637685 -18.8357 1.59133 -5.83996 -5.78323 3.73737 -18.5475 
1.12 -0.0392856 0.116791 0.0289474 -0.145178 0.0392218 -0.00230755 0.13806 -2.43112 -1.29823 0.530751 1.32523 -1.04777 0.0186805 0.0870906 0.00331963 -0.313503 -2.09645 -0.0333402 0.002072 0.510883 -0.343784 -0.313503 -2.09645 -0.0333402 -18.8357 1.59133 -5.83996 -5.78582 3.74099 -18.5459 
1.136 -0.0400824 0.117752 0.0294999 -0.146675 0.040016 -0.0023773 0.137336 -2.42926 -1.29784 0.527941 1.3258 -1.04787 0.0185697 0.0880701 0.00349806 -0.288851 -2.13812 -0.053359 0.003455 0.512025 -0.344047 -0.288851 -2.13812 -0.053359 -18.8357 1.59133 -5.83996 -5.79413 3.74742 -18.542 
1.144 -0.040396 0.117541 0.03115 -0.148111 0.040329 -0.00239594 0.137034 -2.4283 -1.29755 0.526678 1.32617 -1.04785 0.0186567 0.0885108 0.00325117 -0.288759 -2.11428 -0.0219631 0.001723 0.512382 -0.343811 -0.288759 -2.11428 -0.0219631 -18.8357 1.59133 -5.83996 -5.79484 3.74655 -18.542 
1.152 -0.040663 0.117903 0.0318413 -0.149162 0.0405958 -0.00240755 0.136747 -2.42738 -1.29727 0.525569 1.32662 -1.04803 0.0187269 0.0890068 0.00323608 -0.286801 -2.09758 -0.0191963 0.001187 0.512378 -0.344013 -0.286801 -2.09758 -0.0191963 -18.8357 1.59133 -5.83996 -5.79542 3.74238 -18.5426 
1.16 -0.040629 0.11873 0.0327207 -0.15087 0.040562 -0.00240375 0.136507 -2.42648 -1.29698 0.524419 1.32701 -1.04785 0.0191805 0.0897151 0.00324798 -0.330835 -2.10697 -0.0199177 0.0017 0.510386 -0.343979 -0.330835 -2.10697 -0.0199177 -18.8357 1.59133 -5.83996 -5.79553 3.74083 -18.5429 
1.176 -0.0406464 0.119436 0.0330067 -0.151868 0.0405805 -0.00238506 0.135834 -2.42457 -1.29638 0.522378 1.32761 -1.04792 0.0194132 0.0902293 0.00343198 -0.347056 -2.09289 -0.041254 0.002095 0.509564 -0.343774 -0.347056 -2.09289 -0.041254 -18.8357 1.59133 -5.83996 -5.78753 3.73829 -18.5459 
1.184 -0.0415296 0.120563 0.0340316 -0.15401 0.0414625 -0.0024301 0.135462 -2.42362 -1.29615 0.521342 1.32791 -1.04808 0.0194301 0.0914517 0.00339352 -0.3367 -2.16406 -0.0352782 0.004829 0.509855 -0.343795 -0.3367 -2.16406 -0.0352782 -18.8357 1.59133 -5.83996 -5.78486 3.73762 -18.5469 
1.192 -0.0421698 0.120966 0.0344239 -0.1548 0.0421024 -0.00245436 0.135072 -2.42264 -1.29588 0.520395 1.32824 -1.04795 0.0192662 0.0920057 0.00340943 -0.304892 -2.15303 -0.0358839 0.004284 0.510793 -0.344027 -0.304892 -2.15303 -0.0358839 -18.8357 1.59133 -5.83996 -5.7789 3.7372 -18.5488 
1.2 -0.042901 0.122072 0.0349188 -0.156391 0.0428323 -0.00250049 0.134728 -2.4217 -1.29569 0.519188 1.32859 -1.04813 0.0192446 0.0930224 0.00349912 -0.29117 -2.1974 -0.0453453 0.005278 0.511825 -0.343844 -0.29117 -2.1974 -0.0453453 -18.8357 1.59133 -5.83996 -5.78111 3.73676 -18.5482 
1.216 -0.0426909 0.121904 0.0355656 -0.156872 0.0426218 -0.00250125 0.134092 -2.41983 -1.29525 0.516565 1.32943 -1.04822 0.0193989 0.0930608 0.00361036 -0.299118 -2.12325 -0.0570961 0.002545 0.511535 -0.343822 -0.299118 -2.12325 -0.0570961 -18.8357 1.59133 -5.83996 -5.78841 3.73562 -18.5462 
1.224 -0.0425798 0.12255 0.0359896 -0.157942 0.0425105 -0.00250164 0.133787 -2.41888 -1.29501 0.515221 1.32979 -1.04809 0.0197351 0.0935187 0.00372286 -0.328702 -2.10139 -0.0685872 0.002339 0.510793 -0.344012 -0.328702 -2.10139 -0.0685872 -18.8357 1.59133 -5.83996 -5.79116 3.7368 -18.5451 
1.232 -0.0427944 0.12231 0.0375093 -0.159219 0.0427243 -0.00252012 0.133434 -2.4179 -1.29464 0.513723 1.3301 -1.04827 0.0198194 0.0938881 0.00353127 -0.32715 -2.06999 -0.043225 0.000947 0.510593 -0.343778 -0.32715 -2.06999 -0.043225 -18.8357 1.59133 -5.83996 -5.79369 3.73769 -18.5441 
1.24 -0.0435058 0.122618 0.0390624 -0.161069 0.0434343 -0.00256702 0.133081 -2.41689 -1.29427 0.512233 1.33039 -1.04816 0.019816 0.0947354 0.00336637 -0.314966 -2.09694 -0.0217742 0.001426 0.51086 -0.343784 -0.314966 -2.09694 -0.0217742 -18.8357 1.59133 -5.83996 -5.79462 3.74036 -18.5433 
1.256 -0.0445437 0.122753 0.0408142 -0.162946 0.0444712 -0.00261622 0.13229 -2.41486 -1.29354 0.509723 1.33103 -1.04822 0.0195875 0.0956652 0.00322272 -0.276199 -2.13312 -0.0036619 0.002848 0.512672 -0.343817 -0.276199 -2.13312 -0.0036619 -18.8357 1.59133 -5.83996 -5.7893 3.74081 -18.5449 
1.264 -0.045176 0.123525 0.042164 -0.165061 0.0451025 -0.00265045 0.13196 -2.41388 -1.29324 0.508501 1.33144 -1.04842 0.0197016 0.0967001 0.00313656 -0.279726 -2.18064 0.00689227 0.004782 0.512492 -0.343817 -0.279726 -2.18064 0.00689227 -18.8357 1.59133 -5.83996 -5.78986 3.73806 -18.5453 
1.272 -0.0446159 0.123932 0.0424643 -0.165779 0.0445438 -0.00260851 0.131655 -2.41292 -1.29292 0.507407 1.33191 -1.04832 0.0202053 0.0968464 0.0032537 -0.330052 -2.12004 -0.00733639 0.002222 0.510766 -0.343759 -0.330052 -2.12004 -0.00733639 -18.8357 1.59133 -5.83996 -5.78786 3.73465 -18.5466 
1.288 -0.0444751 0.125016 0.0422994 -0.166705 0.044404 -0.00258811 0.131034 -2.411 -1.29237 0.505197 1.33268 -1.04839 0.0205392 0.097403 0.00361439 -0.358468 -2.11019 -0.0503706 0.002565 0.509651 -0.343764 -0.358468 -2.11019 -0.0503706 -18.8357 1.59133 -5.83996 -5.78527 3.7302 -18.5483 
1.296 -0.0444906 0.125377 0.0421919 -0.166961 0.0444199 -0.00257974 0.130624 -2.40998 -1.29194 0.50395 1.333 -1.04851 0.0205887 0.0976065 0.0037817 -0.351665 -2.05867 -0.0688413 0.00063 0.509832 -0.343765 -0.351665 -2.05867 -0.0688413 -18.8357 1.59133 -5.83996 -5.78159 3.72967 -18.5495 
1.304 -0.0455707 0.126493 0.0427037 -0.168575 0.0454984 -0.00264052 0.130187 -2.40897 -1.29154 0.502574 1.33331 -1.04851 0.0203868 0.0987542 0.00388153 -0.314798 -2.12192 -0.0784288 0.003784 0.511287 -0.344035 -0.314798 -2.12192 -0.0784288 -18.8357 1.59133 -5.83996 -5.77982 3.73167 -18.5497 
1.312 -0.0467114 0.126693 0.0446329 -0.17069 0.0466374 -0.00270325 0.129786 -2.40794 -1.29109 0.501156 1.33364 -1.04852 0.0201732 0.0997922 0.00362332 -0.277686 -2.17037 -0.0447189 0.005762 0.512342 -0.343852 -0.277686 -2.17037 -0.0447189 -18.8357 1.59133 -5.83996 -5.77817 3.73234 -18.55 
1.328 -0.0473584 0.126764 0.0469061 -0.173025 0.0472826 -0.00275526 0.129085 -2.40583 -1.29035 0.497999 1.33446 -1.04851 0.0202497 0.10071 0.00348376 -0.276671 -2.2026 -0.0262058 0.005868 0.512112 -0.344053 -0.276671 -2.2026 -0.0262058 -18.8357 1.59133 -5.83996 -5.78433 3.73323 -18.548 
1.336 -0.0469015 0.126322 0.0489697 -0.174652 0.0468258 -0.00273932 0.12877 -2.40481 -1.29002 0.496412 1.33486 -1.04857 0.0207815 0.100901 0.0032315 -0.330446 -2.14645 0.00506506 0.00362 0.510581 -0.343961 -0.330446 -2.14645 0.00506506 -18.8357 1.59133 -5.83996 -5.78915 3.73327 -18.5464 
1.344 -0.0468845 0.126854 0.0486415 -0.174853 0.0468083 -0.00274911 0.128407 -2.40383 -1.28973 0.494922 1.33524 -1.04851 0.020861 0.101123 0.00349613 -0.328379 -2.09555 -0.0266599 0.002039 0.509828 -0.343982 -0.328379 -2.09555 -0.0266599 -18.8357 1.59133 -5.83996 -5.79286 3.73526 -18.5449 
1.352 -0.0470297 0.126751 0.0495693 -0.175678 0.0469532 -0.00275577 0.128017 -2.40295 -1.2893 0.493643 1.33555 -1.04862 0.020913 0.101392 0.00342646 -0.322792 -2.05219 -0.0175241 -0.000554 0.510362 -0.343963 -0.322792 -2.05219 -0.0175241 -18.8357 1.59133 -5.83996 -5.79196 3.73584 -18.545 
1.368 -0.0481236 0.127099 0.050532 -0.176981 0.0480468 -0.00279553 0.127141 -2.40086 -1.28842 0.491157 1.33619 -1.04857 0.0205641 0.102254 0.00347114 -0.269357 -2.08153 -0.0221995 0.000914 0.512853 -0.343817 -0.269357 -2.08153 -0.0221995 -18.8357 1.59133 -5.83996 -5.78163 3.73657 -18.5481 
1.376 -0.0489499 0.128799 0.051123 -0.179266 0.0488727 -0.00282517 0.126779 -2.39978 -1.28794 0.489959 1.33658 -1.04859 0.0207031 0.10368 0.00363717 -0.276033 -2.17774 -0.0413221 0.004776 0.512876 -0.343849 -0.276033 -2.17774 -0.0413221 -18.8357 1.59133 -5.83996 -5.776 3.73344 -18.5505 
1.384 -0.0492115 0.129801 0.052761 -0.181906 0.0491343 -0.00283222 0.126492 -2.39869 -1.28763 0.48872 1.33701 -1.04854 0.0211812 0.104809 0.00357404 -0.323444 -2.23523 -0.0323743 0.007222 0.510703 -0.343815 -0.323444 -2.23523 -0.0323743 -18.8357 1.59133 -5.83996 -5.7746 3.73038 -18.5516 
1.392 -0.0490638 0.130468 0.053053 -0.182867 0.0489867 -0.00282616 0.126143 -2.39771 -1.28733 0.487376 1.3374 -1.04868 0.0214883 0.105243 0.00374193 -0.348877 -2.20716 -0.0512809 0.006404 0.5088 -0.344009 -0.348877 -2.20716 -0.0512809 -18.8357 1.59133 -5.83996 -5.77641 3.72945 -18.5512 
1.408 -0.0487803 0.130586 0.0532308 -0.183164 0.0487025 -0.00283057 0.125343 -2.39576 -1.28665 0.484331 1.33807 -1.04873 0.0216666 0.105306 0.00403708 -0.357836 -2.13525 -0.0849077 0.004297 0.509294 -0.344001 -0.357836 -2.13525 -0.0849077 -18.8357 1.59133 -5.83996 -5.78241 3.7348 -18.5482 
1.416 -0.0491158 0.129519 0.0548307 -0.18369 0.0490367 -0.0028634 0.124877 -2.39476 -1.28619 0.482599 1.33833 -1.04859 0.021479 0.105274 0.00377434 -0.322541 -2.0543 -0.0505521 0.000718 0.511169 -0.343978 -0.322541 -2.0543 -0.0505521 -18.8357 1.59133 -5.83996 -5.78447 3.7411 -18.5463 
1.424 -0.0503129 0.129256 0.0571002 -0.185678 0.0502312 -0.00294553 0.124388 -2.39371 -1.28574 0.48085 1.33864 -1.04878 0.0211369 0.106177 0.00345777 -0.269762 -2.08818 -0.0106141 0.001547 0.513252 -0.3438 -0.269762 -2.08818 -0.0106141 -18.8357 1.59133 -5.83996 -5.78754 3.74495 -18.5446 
1.44 -0.0512844 0.129596 0.0595968 -0.188506 0.0512015 -0.00299375 0.123668 -2.39151 -1.2849 0.477967 1.33946 -1.04885 0.0211535 0.107433 0.00330594 -0.26176 -2.16377 0.00817676 0.003328 0.512939 -0.343823 -0.26176 -2.16377 0.00817676 -18.8357 1.59133 -5.83996 -5.78616 3.74213 -18.5456 
1.448 -0.0512001 0.130596 0.0608409 -0.190753 0.0511175 -0.00298512 0.123324 -2.39047 -1.28455 0.476639 1.33989 -1.04875 0.0217493 0.108343 0.00335204 -0.323711 -2.19552 0.00246061 0.005295 0.510499 -0.343783 -0.323711 -2.19552 0.00246061 -18.8357 1.59133 -5.83996 -5.78553 3.74097 -18.546 
1.456 -0.0504671 0.131188 0.0605308 -0.191048 0.0503863 -0.00293327 0.12299 -2.38948 -1.28411 0.475384 1.34028 -1.04888 0.0222524 0.108381 0.0036365 -0.372685 -2.12126 -0.0317466 0.002518 0.508973 -0.343944 -0.372685 -2.12126 -0.0317466 -18.8357 1.59133 -5.83996 -5.7837 3.73816 -18.5472 
1.464 -0.0510178 0.130966 0.0610438 -0.191335 0.0509363 -0.00296136 0.122534 -2.3885 -1.28369 0.474056 1.34062 -1.04888 0.0219589 0.108599 0.00362867 -0.324387 -2.07076 -0.0298515 0.000627 0.510389 -0.343761 -0.324387 -2.07076 -0.0298515 -18.8357 1.59133 -5.83996 -5.78147 3.73968 -18.5475 
1.48 -0.0522713 0.131605 0.0615751 -0.192491 0.052188 -0.00302995 0.12162 -2.38643 -1.2827 0.471061 1.34132 -1.04886 0.021496 0.109571 0.00386048 -0.256988 -2.11244 -0.056547 0.002679 0.513551 -0.343857 -0.256988 -2.11244 -0.056547 -18.8357 1.59133 -5.83996 -5.77837 3.74298 -18.5478 
1.488 -0.0531357 0.132758 0.0626288 -0.194686 0.0530505 -0.00308835 0.121239 -2.38531 -1.28228 0.46936 1.34169 -1.04886 0.0215293 0.110831 0.00396338 -0.251387 -2.18773 -0.0669885 0.006072 0.513487 -0.343897 -0.251387 -2.18773 -0.0669885 -18.8357 1.59133 -5.83996 -5.7808 3.74461 -18.5468 
1.496 -0.0529088 0.133097 0.064156 -0.196555 0.0528235 -0.00308236 0.120896 -2.3842 -1.28177 0.467611 1.34219 -1.0489 0.0220486 0.11141 0.00393506 -0.304549 -2.17892 -0.0612434 0.004153 0.511535 -0.343838 -0.304549 -2.17892 -0.0612434 -18.8357 1.59133 -5.83996 -5.7847 3.74309 -18.5458 
1.504 -0.0525697 0.132738 0.0672319 -0.199273 0.052484 -0.00308086 0.120571 -2.38312 -1.28133 0.465741 1.3427 -1.04903 0.0227346 0.111995 0.00357264 -0.37609 -2.17061 -0.0155806 0.003806 0.508769 -0.343943 -0.37609 -2.17061 -0.0155806 -18.8357 1.59133 -5.83996 -5.79261 3.74215 -18.5436 
1.52 -0.0524491 0.132084 0.0684299 -0.199818 0.0523627 -0.00308781 0.119667 -2.3811 -1.28029 0.462405 1.34353 -1.04909 0.0228045 0.111979 0.00363104 -0.37133 -2.09062 -0.0217726 0.0008 0.508953 -0.343725 -0.37133 -2.09062 -0.0217726 -18.8357 1.59133 -5.83996 -5.79671 3.74536 -18.5416 
1.528 -0.053746 0.132553 0.0693972 -0.201238 0.0536575 -0.00316415 0.119173 -2.38005 -1.27987 0.460931 1.34396 -1.04915 0.0223671 0.112967 0.00363344 -0.305539 -2.13341 -0.0213109 0.002532 0.511911 -0.343804 -0.305539 -2.13341 -0.0213109 -18.8357 1.59133 -5.83996 -5.79644 3.74629 -18.5415 
1.536 -0.0545171 0.132369 0.069969 -0.201621 0.0544282 -0.0031922 0.118717 -2.37898 -1.27932 0.459611 1.34443 -1.04925 0.021964 0.113303 0.00361908 -0.245896 -2.09729 -0.0188211 0.00155 0.513818 -0.343847 -0.245896 -2.09729 -0.0188211 -18.8357 1.59133 -5.83996 -5.79191 3.74336 -18.5435 
1.544 -0.0545478 0.132643 0.0717987 -0.203728 0.0544593 -0.00318597 0.118298 -2.37789 -1.27881 0.458154 1.34491 -1.04925 0.0223908 0.114018 0.00349966 -0.287875 -2.10733 -0.00382127 0.001743 0.511621 -0.343797 -0.287875 -2.10733 -0.00382127 -18.8357 1.59133 -5.83996 -5.79019 3.74153 -18.5444 
1.56 -0.0540644 0.13313 0.0731715 -0.205601 0.0539775 -0.00314287 0.117582 -2.37572 -1.27758 0.455012 1.34582 -1.04927 0.0230593 0.114594 0.00367951 -0.357867 -2.10065 -0.0251545 0.001709 0.509444 -0.34395 -0.357867 -2.10065 -0.0251545 -18.8357 1.59133 -5.83996 -5.78787 3.73654 -18.5462 
1.568 -0.0548905 0.134691 0.0736562 -0.207637 0.0548024 -0.00318866 0.117116 -2.37462 -1.27705 0.453409 1.34622 -1.04932 0.023112 0.115922 0.00394841 -0.351685 -2.18423 -0.0565877 0.005311 0.509565 -0.343805 -0.351685 -2.18423 -0.0565877 -18.8357 1.59133 -5.83996 -5.78687 3.73725 -18.5463 
1.576 -0.0557154 0.134435 0.0744642 -0.208179 0.0556256 -0.00324195 0.116641 -2.37352 -1.2764 0.451572 1.34669 -1.04939 0.0226954 0.116309 0.00394142 -0.289096 -2.15253 -0.0538854 0.003651 0.512586 -0.343843 -0.289096 -2.15253 -0.0538854 -18.8357 1.59133 -5.83996 -5.78873 3.73794 -18.5456 
1.592 -0.0564717 0.133253 0.0777272 -0.21025 0.0563801 -0.00329725 0.115718 -2.37145 -1.27511 0.447992 1.34776 -1.04941 0.0225417 0.116882 0.00359192 -0.259947 -2.14366 -0.0100529 0.003418 0.51372 -0.34404 -0.259947 -2.14366 -0.0100529 -18.8357 1.59133 -5.83996 -5.7936 3.73749 -18.5442 
1.6 -0.0559241 0.133684 0.0776657 -0.21063 0.0558336 -0.00326032 0.115328 -2.37035 -1.27455 0.446422 1.34823 -1.04942 0.0229487 0.116962 0.00385327 -0.299218 -2.07616 -0.0407727 0.000937 0.511534 -0.343807 -0.299218 -2.07616 -0.0407727 -18.8357 1.59133 -5.83996 -5.79306 3.73566 -18.5447 
1.608 -0.055839 0.133956 0.0798235 -0.213064 0.0557492 -0.00324475 0.114937 -2.3693 -1.27389 0.444883 1.34866 -1.04944 0.0235082 0.117745 0.00370055 -0.355715 -2.09495 -0.021172 0.001063 0.509421 -0.34395 -0.355715 -2.09495 -0.021172 -18.8357 1.59133 -5.83996 -5.79051 3.73372 -18.5459 
1.616 -0.0567061 0.134771 0.0807599 -0.214812 0.0566161 -0.00327291 0.11449 -2.36822 -1.27317 0.443458 1.34911 -1.04947 0.0234259 0.118798 0.00377958 -0.333365 -2.14597 -0.0297755 0.003954 0.510409 -0.343995 -0.333365 -2.14597 -0.0297755 -18.8357 1.59133 -5.83996 -5.78447 3.73069 -18.5484 
1.632 -0.0577641 0.134694 0.0829772 -0.216945 0.0576732 -0.00331913 0.113497 -2.3661 -1.27184 0.440252 1.35008 -1.04958 0.0232035 0.119807 0.00371628 -0.294617 -2.18997 -0.0211665 0.006251 0.511667 -0.343829 -0.294617 -2.18997 -0.0211665 -18.8357 1.59133 -5.83996 -5.78068 3.72905 -18.5499 
1.64 -0.0580813 0.13545 0.0825978 -0.217318 0.0579897 -0.00334106 0.113097 -2.36501 -1.27121 0.43847 1.35054 -1.04958 0.0231362 0.120265 0.00407157 -0.275746 -2.16636 -0.0629341 0.005129 0.511942 -0.34387 -0.275746 -2.16636 -0.0629341 -18.8357 1.59133 -5.83996 -5.78238 3.72876 -18.5495 
1.648 -0.057621 0.134702 0.0856425 -0.219618 0.057529 -0.00333346 0.112669 -2.36403 -1.27047 0.436422 1.35097 -1.04958 0.0237858 0.120609 0.00370707 -0.343573 -2.1296 -0.0172174 0.00337 0.509737 -0.343754 -0.343573 -2.1296 -0.0172174 -18.8357 1.59133 -5.83996 -5.78777 3.73145 -18.5472 
1.656 -0.0575991 0.134737 0.0865688 -0.220576 0.0575061 -0.00335256 0.112203 -2.36294 -1.26984 0.434349 1.35135 -1.04958 0.0239662 0.120925 0.0037915 -0.353212 -2.09073 -0.0264697 0.001063 0.509421 -0.34395 -0.353212 -2.09073 -0.0264697 -18.8357 1.59133 -5.83996 -5.79284 3.73559 -18.5448 
1.672 -0.0584141 0.133739 0.0892488 -0.222251 0.05832 -0.00339533 0.111224 -2.36076 -1.26845 0.430843 1.35229 -1.04963 0.023713 0.121471 0.00357198 -0.310227 -2.08073 0.00073776 0.000231 0.51121 -0.343967 -0.310227 -2.08073 0.00073776 -18.8357 1.59133 -5.83996 -5.79149 3.73597 -18.5452 
1.68 -0.0593997 0.13457 0.0905235 -0.224348 0.0593045 -0.0034438 0.11073 -2.35967 -1.26773 0.429175 1.35275 -1.04965 0.0236297 0.122674 0.0036426 -0.288861 -2.15007 -0.00760447 0.003011 0.512179 -0.34381 -0.288861 -2.15007 -0.00760447 -18.8357 1.59133 -5.83996 -5.78895 3.73553 -18.546 
1.688 -0.0595022 0.135608 0.0911449 -0.226012 0.0594078 -0.00343099 0.110273 -2.3586 -1.26701 0.427686 1.35317 -1.04968 0.0239839 0.123519 0.00385849 -0.320797 -2.17442 -0.0332466 0.004753 0.51088 -0.344018 -0.320797 -2.17442 -0.0332466 -18.8357 1.59133 -5.83996 -5.78375 3.73374 -18.548 
1.696 -0.0595534 0.136158 0.0922978 -0.227719 0.0594595 -0.00342175 0.109845 -2.35751 -1.26633 0.426115 1.35358 -1.04973 0.0243306 0.124223 0.00393195 -0.350991 -2.18068 -0.0409934 0.005638 0.509384 -0.343789 -0.350991 -2.18068 -0.0409934 -18.8357 1.59133 -5.83996 -5.78057 3.73237 -18.5493 
1.712 -0.0600317 0.135379 0.0940827 -0.228717 0.0599363 -0.00346397 0.108871 -2.35546 -1.26486 0.42235 1.35435 -1.04978 0.0241393 0.124531 0.00393435 -0.315608 -2.13927 -0.0398486 0.00368 0.510883 -0.3438 -0.315608 -2.13927 -0.0398486 -18.8357 1.59133 -5.83996 -5.78298 3.73771 -18.5475 
1.72 -0.0609006 0.134598 0.0958641 -0.229706 0.060803 -0.00352834 0.108386 -2.35437 -1.26422 0.420374 1.35481 -1.04978 0.0237508 0.124923 0.00373468 -0.257509 -2.10914 -0.0144834 0.002685 0.513166 -0.343824 -0.257509 -2.10914 -0.0144834 -18.8357 1.59133 -5.83996 -5.78664 3.74011 -18.5458 
1.728 -0.0609734 0.134075 0.0983363 -0.231653 0.060875 -0.0035457 0.107929 -2.35325 -1.26344 0.418261 1.35528 -1.04981 0.0240354 0.125415 0.00350557 -0.282049 -2.09211 0.0136289 0.000854 0.512551 -0.343978 -0.282049 -2.09211 0.0136289 -18.8357 1.59133 -5.83996 -5.79046 3.74158 -18.5444 
1.744 -0.0608639 0.134167 0.101099 -0.234514 0.0607662 -0.00352885 0.107044 -2.35106 -1.26187 0.414658 1.35616 -1.04984 0.0246523 0.126327 0.00350171 -0.345961 -2.126 0.0137531 0.002515 0.50953 -0.34394 -0.345961 -2.126 0.0137531 -18.8357 1.59133 -5.83996 -5.78796 3.74056 -18.5453 
1.752 -0.0610106 0.1345 0.101467 -0.235219 0.0609136 -0.00351914 0.106541 -2.34995 -1.2611 0.413071 1.35663 -1.04986 0.0247235 0.126712 0.00367346 -0.34241 -2.0959 -0.00732123 0.001423 0.510295 -0.343736 -0.34241 -2.0959 -0.00732123 -18.8357 1.59133 -5.83996 -5.7829 3.73912 -18.5472 
1.76 -0.0622641 0.135168 0.102464 -0.236874 0.0621661 -0.00357218 0.106056 -2.34892 -1.26027 0.4115 1.35708 -1.04989 0.0243825 0.127837 0.00376335 -0.289208 -2.1552 -0.0179441 0.003963 0.512782 -0.343808 -0.289208 -2.1552 -0.0179441 -18.8357 1.59133 -5.83996 -5.77783 3.73731 -18.5492 
1.768 -0.0624815 0.135724 0.102053 -0.23702 0.0623835 -0.00357829 0.10551 -2.34787 -1.25938 0.409654 1.35761 -1.04991 0.0243093 0.128149 0.00411972 -0.26976 -2.11542 -0.0600608 0.002952 0.513076 -0.344052 -0.26976 -2.11542 -0.0600608 -18.8357 1.59133 -5.83996 -5.77617 3.73702 -18.5497 
1.784 -0.06248 0.135344 0.105597 -0.240186 0.0623816 -0.00358518 0.104616 -2.34567 -1.25765 0.405597 1.35868 -1.04997 0.0248746 0.129069 0.00399351 -0.327694 -2.14943 -0.0430044 0.003308 0.510386 -0.343995 -0.327694 -2.14943 -0.0430044 -18.8357 1.59133 -5.83996 -5.78012 3.73502 -18.5489 
1.792 -0.0625819 0.13466 0.107995 -0.241897 0.0624823 -0.00360848 0.104084 -2.34454 -1.25678 0.403322 1.35918 -1.05002 0.0250751 0.129468 0.00378443 -0.340257 -2.1202 -0.0163115 0.002189 0.509711 -0.343956 -0.340257 -2.1202 -0.0163115 -18.8357 1.59133 -5.83996 -5.78456 3.73775 -18.547 
1.8 -0.0639153 0.134637 0.110353 -0.244218 0.0638134 -0.00368985 0.103561 -2.34341 -1.25598 0.401322 1.3597 -1.05004 0.0247585 0.13063 0.00362607 -0.290148 -2.18309 0.00339441 0.00441 0.511994 -0.344012 -0.290148 -2.18309 0.00339441 -18.8357 1.59133 -5.83996 -5.78589 3.73839 -18.5464 
1.808 -0.0643461 0.134446 0.11172 -0.245391 0.064244 -0.00370601 0.103025 -2.34231 -1.25511 0.399476 1.36029 -1.05005 0.0247156 0.131111 0.00359875 -0.274305 -2.16256 0.00665256 0.003601 0.512465 -0.344019 -0.274305 -2.16256 0.00665256 -18.8357 1.59133 -5.83996 -5.78431 3.73678 -18.5472 
1.824 -0.064166 0.134591 0.113435 -0.247261 0.0640651 -0.00367864 0.102037 -2.34018 -1.25348 0.395962 1.36139 -1.05011 0.0251712 0.131731 0.00379706 -0.318957 -2.15892 -0.0173321 0.003896 0.510683 -0.343581 -0.318957 -2.15892 -0.0173321 -18.8357 1.59133 -5.83996 -5.78149 3.73311 -18.5489 
1.832 -0.0639961 0.135343 0.113483 -0.248066 0.0638956 -0.00366556 0.101514 -2.33912 -1.25266 0.394124 1.36188 -1.05016 0.0254671 0.132163 0.00414073 -0.343196 -2.13315 -0.0580211 0.003057 0.509542 -0.343789 -0.343196 -2.13315 -0.0580211 -18.8357 1.59133 -5.83996 -5.78065 3.73315 -18.5491 
1.84 -0.0647683 0.134606 0.116221 -0.250059 0.0646662 -0.00371453 0.101029 -2.33806 -1.25176 0.392083 1.36243 -1.05016 0.02535 0.132856 0.00383935 -0.31695 -2.1393 -0.0200401 0.004006 0.510702 -0.343784 -0.31695 -2.1393 -0.0200401 -18.8357 1.59133 -5.83996 -5.78256 3.73289 -18.5486 
1.848 -0.0657933 0.134693 0.117885 -0.251799 0.0656893 -0.00377852 0.100418 -2.33692 -1.25087 0.38997 1.36304 -1.05019 0.0250951 0.133782 0.00384313 -0.274872 -2.17348 -0.0195679 0.004456 0.512673 -0.343833 -0.274872 -2.17348 -0.0195679 -18.8357 1.59133 -5.83996 -5.78403 3.73369 -18.548 
1.864 -0.0654126 0.133769 0.121762 -0.254755 0.0653077 -0.00378316 0.0993915 -2.33479 -1.24909 0.385654 1.36412 -1.05027 0.02578 0.134388 0.00366197 -0.346835 -2.16808 0.00284647 0.004429 0.510111 -0.343954 -0.346835 -2.16808 0.00284647 -18.8357 1.59133 -5.83996 -5.79157 3.73602 -18.5451 
1.872 -0.0654974 0.134146 0.122078 -0.255448 0.0653922 -0.00378959 0.0988554 -2.33372 -1.24832 0.383784 1.36463 -1.0503 0.0258757 0.134766 0.00391212 -0.346218 -2.13547 -0.0271108 0.002738 0.509338 -0.343772 -0.346218 -2.13547 -0.0271108 -18.8357 1.59133 -5.83996 -5.79192 3.7367 -18.5449 
1.88 -0.0659928 0.133391 0.123902 -0.256515 0.0658872 -0.00381119 0.0982951 -2.33272 -1.24739 0.381954 1.36515 -1.05034 0.0257265 0.13509 0.00372988 -0.315899 -2.09734 -0.00445927 0.002059 0.511259 -0.343766 -0.315899 -2.09734 -0.00445927 -18.8357 1.59133 -5.83996 -5.7901 3.73651 -18.5455 
1.896 -0.0666673 0.133208 0.125478 -0.257908 0.0665616 -0.00383173 0.0971799 -2.3306 -1.24556 0.378254 1.36623 -1.05037 0.0255673 0.135772 0.00391194 -0.285299 -2.10338 -0.0259938 0.001723 0.512382 -0.343811 -0.285299 -2.10338 -0.0259938 -18.8357 1.59133 -5.83996 -5.78559 3.73536 -18.5471 
1.904 -0.0668856 0.133677 0.127336 -0.260233 0.0667795 -0.00384696 0.0966479 -2.32949 -1.24449 0.376044 1.36667 -1.05042 0.0259253 0.136727 0.00399245 -0.317777 -2.14226 -0.0348231 0.00368 0.510883 -0.3438 -0.317777 -2.14226 -0.0348231 -18.8357 1.59133 -5.83996 -5.78571 3.73704 -18.5468 
1.912 -0.0672648 0.133558 0.129153 -0.261925 0.067157 -0.00388709 0.096163 -2.32843 -1.24351 0.37372 1.36713 -1.05047 0.0260067 0.137383 0.00399228 -0.316284 -2.1441 -0.0335987 0.003034 0.51086 -0.343799 -0.316284 -2.1441 -0.0335987 -18.8357 1.59133 -5.83996 -5.7901 3.73959 -18.5449 
1.92 -0.0680615 0.132715 0.131454 -0.263373 0.0679518 -0.00394452 0.095631 -2.32737 -1.24243 0.371412 1.36764 -1.05047 0.0257497 0.13791 0.00378505 -0.274103 -2.13021 -0.00755086 0.002542 0.512092 -0.343819 -0.274103 -2.13021 -0.00755086 -18.8357 1.59133 -5.83996 -5.7927 3.7415 -18.5437 
1.936 -0.068209 0.131786 0.134262 -0.265255 0.068099 -0.00395288 0.0945629 -2.32528 -1.24036 0.367242 1.36868 -1.0505 0.0259253 0.138382 0.00374292 -0.285069 -2.11009 -0.00209046 0.001063 0.512736 -0.343792 -0.285069 -2.11009 -0.00209046 -18.8357 1.59133 -5.83996 -5.79275 3.74219 -18.5435 
1.944 -0.0680391 0.1319 0.136026 -0.26714 0.0679305 -0.0039214 0.0939932 -2.32421 -1.23929 0.365412 1.36919 -1.05058 0.0263946 0.138982 0.00375026 -0.33112 -2.10603 -0.0028651 0.002026 0.510205 -0.343963 -0.33112 -2.10603 -0.0028651 -18.8357 1.59133 -5.83996 -5.78744 3.7405 -18.5455 
1.952 -0.0683575 0.1329 0.136123 -0.268238 0.0682491 -0.00392708 0.0934706 -2.32316 -1.23821 0.363461 1.36963 -1.05064 0.0264882 0.139743 0.00415094 -0.330679 -2.12151 -0.0507813 0.002555 0.510593 -0.343793 -0.330679 -2.12151 -0.0507813 -18.8357 1.59133 -5.83996 -5.78397 3.74031 -18.5466 
1.96 -0.0694821 0.131857 0.139673 -0.270737 0.0693724 -0.00398329 0.0929251 -2.32206 -1.23711 0.361372 1.37012 -1.05064 0.0262514 0.140646 0.00371121 -0.290408 -2.15349 0.00348025 0.003983 0.512021 -0.343794 -0.290408 -2.15349 0.00348025 -18.8357 1.59133 -5.83996 -5.78162 3.74047 -18.5473 
1.976 -0.0697686 0.131799 0.141255 -0.272258 0.0696574 -0.00401736 0.0918234 -2.31993 -1.23486 0.356724 1.37122 -1.05068 0.0263308 0.141303 0.00407059 -0.289263 -2.15499 -0.0394172 0.003977 0.512405 -0.343827 -0.289263 -2.15499 -0.0394172 -18.8357 1.59133 -5.83996 -5.78596 3.74291 -18.5455 
1.984 -0.0695034 0.130452 0.145847 -0.275505 0.0693918 -0.0040169 0.0913156 -2.3189 -1.23372 0.354336 1.37171 -1.05077 0.0270009 0.14191 0.00351265 -0.359167 -2.15023 0.0286276 0.002664 0.509413 -0.343915 -0.359167 -2.15023 0.0286276 -18.8357 1.59133 -5.83996 -5.78973 3.74447 -18.544 
1.992 -0.06993 0.130986 0.145126 -0.275316 0.069818 -0.00403575 0.0907553 -2.31783 -1.2327 0.352336 1.3722 -1.05084 0.0267266 0.142186 0.00395679 -0.313761 -2.10603 -0.025257 0.001087 0.511417 -0.343781 -0.313761 -2.10603 -0.025257 -18.8357 1.59133 -5.83996 -5.78811 3.74479 -18.5444 
2 -0.0707735 0.130488 0.147098 -0.276787 0.0706611 -0.00406534 0.0901856 -2.31681 -1.23156 0.350425 1.37274 -1.05084 0.0264881 0.142834 0.00382656 -0.273648 -2.10771 -0.00903381 0.002082 0.513256 -0.343597 -0.273648 -2.10771 -0.00903381 -18.8357 1.59133 -5.83996 -5.7835 3.74354 -18.5461 
2.016 -0.0712453 0.130398 0.14923 -0.278834 0.0711339 -0.00405963 0.0890138 -2.31468 -1.22914 0.346312 1.37399 -1.05096 0.0265756 0.14371 0.0040518 -0.274079 -2.13689 -0.0356132 0.003168 0.512876 -0.343833 -0.274079 -2.13689 -0.0356132 -18.8357 1.59133 -5.83996 -5.77739 3.73863 -18.549 
2.024 -0.0708398 0.130143 0.151129 -0.280484 0.0707288 -0.00404232 0.0884818 -2.31361 -1.22779 0.34381 1.37459 -1.05107 0.0270826 0.144087 0.00408606 -0.324983 -2.10537 -0.0385815 0.002006 0.510966 -0.343977 -0.324983 -2.10537 -0.0385815 -18.8357 1.59133 -5.83996 -5.77994 3.73766 -18.5484 
2.032 -0.0716432 0.129347 0.154713 -0.283264 0.0715305 -0.0040947 0.0879457 -2.31251 -1.22657 0.341389 1.37519 -1.05107 0.0270993 0.145055 0.00377099 -0.315587 -2.14554 0.000544544 0.003347 0.511056 -0.343765 -0.315587 -2.14554 0.000544544 -18.8357 1.59133 -5.83996 -5.7821 3.73762 -18.5478 
2.048 -0.0720562 0.128673 0.156154 -0.284033 0.0719432 -0.00411225 0.0867969 -2.3104 -1.224 0.336774 1.37652 -1.05111 0.0269116 0.145373 0.00405681 -0.28169 -2.10679 -0.033514 0.001383 0.512939 -0.343808 -0.28169 -2.10679 -0.033514 -18.8357 1.59133 -5.83996 -5.78273 3.73446 -18.5482 
2.056 -0.0722528 0.128536 0.16016 -0.287904 0.07214 -0.00411245 0.0862514 -2.30939 -1.22279 0.334701 1.37706 -1.05115 0.0275559 0.146657 0.00378993 -0.348591 -2.18468 -0.000512531 0.004965 0.510114 -0.343752 -0.348591 -2.18468 -0.000512531 -18.8357 1.59133 -5.83996 -5.7805 3.7333 -18.5491 
2.064 -0.0723106 0.129563 0.158711 -0.287486 0.0721985 -0.00410228 0.0856816 -2.30834 -1.22153 0.332571 1.37765 -1.0512 0.0274893 0.146878 0.00445604 -0.328442 -2.13305 -0.0801367 0.00307 0.511358 -0.343605 -0.328442 -2.13305 -0.0801367 -18.8357 1.59133 -5.83996 -5.77795 3.7315 -18.5503 
2.072 -0.0732426 0.128573 0.162874 -0.290652 0.073129 -0.00415502 0.0851119 -2.30732 -1.22036 0.330377 1.37832 -1.0512 0.0275004 0.147959 0.00402034 -0.317853 -2.18564 -0.0254741 0.004968 0.51068 -0.343799 -0.317853 -2.18564 -0.0254741 -18.8357 1.59133 -5.83996 -5.7789 3.73025 -18.5502 
2.088 -0.0740317 0.127737 0.16535 -0.292283 0.0739152 -0.00422818 0.0839213 -2.30523 -1.21792 0.325454 1.37958 -1.05124 0.0272463 0.148626 0.00420263 -0.275915 -2.18725 -0.0461083 0.005311 0.51288 -0.343647 -0.275915 -2.18725 -0.0461083 -18.8357 1.59133 -5.83996 -5.78612 3.73246 -18.5475 
2.096 -0.0737783 0.127108 0.167816 -0.294121 0.073661 -0.00423545 0.0833569 -2.30424 -1.21662 0.322871 1.38016 -1.05128 0.0276779 0.149016 0.00412484 -0.317497 -2.15536 -0.0352403 0.00357 0.510864 -0.343597 -0.317497 -2.15536 -0.0352403 -18.8357 1.59133 -5.83996 -5.79128 3.73459 -18.5455 
2.104 -0.0740045 0.126376 0.170649 -0.296225 0.0738874 -0.00423778 0.0828155 -2.30319 -1.21552 0.320855 1.38076 -1.05137 0.0278901 0.149607 0.00390612 -0.331732 -2.14856 -0.00770526 0.003294 0.510762 -0.343977 -0.331732 -2.14856 -0.00770526 -18.8357 1.59133 -5.83996 -5.78994 3.7322 -18.5464 
2.112 -0.0747663 0.126435 0.171568 -0.297197 0.0746481 -0.00427912 0.0822269 -2.30229 -1.21421 0.318661 1.38143 -1.0514 0.0276267 0.150238 0.00409561 -0.288326 -2.14689 -0.0299866 0.003331 0.512382 -0.343826 -0.288326 -2.14689 -0.0299866 -18.8357 1.59133 -5.83996 -5.79037 3.73084 -18.5465 
2.128 -0.0745268 0.125208 0.173655 -0.298065 0.074409 -0.00426437 0.0810174 -2.30029 -1.21159 0.314046 1.38253 -1.05146 0.0277865 0.150237 0.00422052 -0.296872 -2.0695 -0.043997 0.000937 0.511534 -0.343807 -0.296872 -2.0695 -0.043997 -18.8357 1.59133 -5.83996 -5.78956 3.73267 -18.5464 
2.136 -0.0751207 0.124833 0.177981 -0.302009 0.0750014 -0.00430814 0.0804288 -2.29929 -1.21022 0.311544 1.38309 -1.05158 0.0281751 0.151637 0.00396175 -0.332814 -2.16247 -0.0114816 0.00383 0.510766 -0.343774 -0.332814 -2.16247 -0.0114816 -18.8357 1.59133 -5.83996 -5.79191 3.7338 -18.5455 
2.144 -0.0750061 0.123656 0.179624 -0.302479 0.0748865 -0.00430966 0.0798645 -2.29827 -1.20877 0.308961 1.38372 -1.05165 0.0282044 0.151512 0.00387901 -0.324551 -2.07027 -0.000978885 0.000274 0.511323 -0.343741 -0.324551 -2.07027 -0.000978885 -18.8357 1.59133 -5.83996 -5.79465 3.73341 -18.5447 
2.152 -0.0755889 0.123532 0.182236 -0.304961 0.0754679 -0.00435027 0.0792948 -2.29725 -1.2074 0.306475 1.38431 -1.05165 0.0283371 0.152515 0.00388361 -0.328745 -2.11555 -0.0014384 0.001576 0.510743 -0.343758 -0.328745 -2.11555 -0.0014384 -18.8357 1.59133 -5.83996 -5.79647 3.73408 -18.544 
2.168 -0.075832 0.123307 0.184019 -0.306528 0.0757128 -0.00432465 0.0780475 -2.29529 -1.20449 0.302103 1.38531 -1.05171 0.0284533 0.153163 0.00421649 -0.330867 -2.1174 -0.0412788 0.002215 0.51115 -0.343791 -0.330867 -2.1174 -0.0412788 -18.8357 1.59133 -5.83996 -5.78605 3.73422 -18.5472 
2.176 -0.076766 0.123055 0.186628 -0.308879 0.0766457 -0.00437153 0.077436 -2.29435 -1.20292 0.299666 1.38586 -1.05179 0.0283386 0.154218 0.00418532 -0.305246 -2.16777 -0.0362747 0.004479 0.511354 -0.343822 -0.305246 -2.16777 -0.0362747 -18.8357 1.59133 -5.83996 -5.7846 3.73424 -18.5477 
2.184 -0.0771508 0.123077 0.186882 -0.309154 0.0770296 -0.00439609 0.0768663 -2.29334 -1.20142 0.297131 1.38645 -1.05179 0.0281459 0.154507 0.0045095 -0.271043 -2.12463 -0.0737909 0.002549 0.5121 -0.34387 -0.271043 -2.12463 -0.0737909 -18.8357 1.59133 -5.83996 -5.78544 3.73443 -18.5474 
2.2 -0.0772713 0.120896 0.19216 -0.31225 0.077149 -0.00442045 0.0756568 -2.29137 -1.1983 0.291795 1.3875 -1.05187 0.0284645 0.15511 0.0041807 -0.299289 -2.12033 -0.0319392 0.002225 0.511331 -0.343806 -0.299289 -2.12033 -0.0319392 -18.8357 1.59133 -5.83996 -5.78805 3.73896 -18.5456 
2.208 -0.0774158 0.119607 0.19468 -0.313485 0.077294 -0.00441457 0.07504 -2.29036 -1.19679 0.289455 1.38814 -1.05192 0.0285051 0.155285 0.00394869 -0.293549 -2.06507 -0.00276267 -0.000271 0.512261 -0.343972 -0.293549 -2.06507 -0.00276267 -18.8357 1.59133 -5.83996 -5.78557 3.73717 -18.5468 
2.216 -0.0783313 0.119952 0.197111 -0.316261 0.0782099 -0.0044321 0.0744662 -2.28943 -1.19511 0.287277 1.38876 -1.05192 0.0285565 0.156625 0.00404998 -0.289116 -2.1511 -0.0146439 0.003657 0.512201 -0.34381 -0.289116 -2.1511 -0.0146439 -18.8357 1.59133 -5.83996 -5.77891 3.73315 -18.5497 
2.224 -0.0786171 0.120245 0.198547 -0.317994 0.0784964 -0.00442633 0.0738022 -2.28846 -1.19348 0.284937 1.38948 -1.05194 0.0287464 0.157416 0.00429 -0.301466 -2.16901 -0.0429442 0.00414 0.511912 -0.343819 -0.301466 -2.16901 -0.0429442 -18.8357 1.59133 -5.83996 -5.77505 3.73026 -18.5514 
2.24 -0.0788623 0.119371 0.201889 -0.32046 0.0787396 -0.00446921 0.0725833 -2.28652 -1.19031 0.279456 1.39069 -1.05202 0.0289597 0.158205 0.00451837 -0.316254 -2.18574 -0.0689193 0.004962 0.511064 -0.343831 -0.316254 -2.18574 -0.0689193 -18.8357 1.59133 -5.83996 -5.78141 3.73346 -18.5488 
2.248 -0.0790872 0.117532 0.205656 -0.322385 0.0789632 -0.00449955 0.0719623 -2.28555 -1.18873 0.276678 1.39141 -1.05209 0.0290355 0.158496 0.00411046 -0.314044 -2.14209 -0.0177008 0.003021 0.511237 -0.343781 -0.314044 -2.14209 -0.0177008 -18.8357 1.59133 -5.83996 -5.78629 3.73354 -18.5473 
2.256 -0.0792163 0.116894 0.20814 -0.324233 0.079092 -0.00450724 0.0713266 -2.28458 -1.18721 0.274176 1.39213 -1.0521 0.0292588 0.159033 0.00407323 -0.329503 -2.1292 -0.0123264 0.002451 0.510189 -0.343558 -0.329503 -2.1292 -0.0123264 -18.8357 1.59133 -5.83996 -5.78731 3.73242 -18.5472 
2.264 -0.0796869 0.11726 0.209014 -0.325473 0.0795624 -0.00452366 0.0706774 -2.28362 -1.18564 0.271772 1.39274 -1.0521 0.0292446 0.159745 0.00440983 -0.316035 -2.13793 -0.0521904 0.003048 0.510484 -0.343817 -0.316035 -2.13793 -0.0521904 -18.8357 1.59133 -5.83996 -5.78488 3.73236 -18.548 
2.28 -0.080308 0.116035 0.212884 -0.328118 0.0801825 -0.00455938 0.0693925 -2.28169 -1.18254 0.266711 1.39407 -1.05226 0.0292497 0.160625 0.00447446 -0.305218 -2.1665 -0.0582733 0.004799 0.511558 -0.343838 -0.305218 -2.1665 -0.0582733 -18.8357 1.59133 -5.83996 -5.78623 3.73124 -18.5478 
2.288 -0.0808091 0.115289 0.215287 -0.329771 0.080682 -0.00460103 0.0687191 -2.28075 -1.18088 0.26395 1.39481 -1.05228 0.0292034 0.161203 0.00446691 -0.288635 -2.15806 -0.0553072 0.003573 0.511429 -0.343644 -0.288635 -2.15806 -0.0553072 -18.8357 1.59133 -5.83996 -5.78964 3.73174 -18.5466 
2.296 -0.0805774 0.113574 0.219234 -0.332004 0.0804498 -0.00460359 0.0680416 -2.27979 -1.17927 0.261181 1.39545 -1.05228 0.0296252 0.161481 0.0040852 -0.32871 -2.11372 -0.0075609 0.002222 0.510766 -0.343759 -0.32871 -2.11372 -0.0075609 -18.8357 1.59133 -5.83996 -5.79255 3.73421 -18.5452 
2.304 -0.0809904 0.113309 0.220918 -0.333422 0.0808619 -0.00463085 0.0673924 -2.27893 -1.1776 0.258598 1.39607 -1.05234 0.0296152 0.16208 0.00423488 -0.315915 -2.10929 -0.0249688 0.001962 0.510863 -0.343581 -0.315915 -2.10929 -0.0249688 -18.8357 1.59133 -5.83996 -5.79338 3.73491 -18.5448 
2.32 -0.0812432 0.112168 0.223833 -0.335207 0.0811166 -0.00460288 0.0660792 -2.27707 -1.1742 0.253837 1.39748 -1.05236 0.0297031 0.162592 0.00439138 -0.315018 -2.09475 -0.0429191 0.001746 0.511064 -0.3438 -0.315018 -2.09475 -0.0429191 -18.8357 1.59133 -5.83996 -5.78599 3.72975 -18.5481 
2.328 -0.0821627 0.112214 0.226681 -0.338094 0.0820342 -0.00466233 0.0653963 -2.27617 -1.1724 0.251052 1.39806 -1.05238 0.0297266 0.163912 0.00453419 -0.306513 -2.17757 -0.0585852 0.005028 0.510981 -0.343638 -0.306513 -2.17757 -0.0585852 -18.8357 1.59133 -5.83996 -5.78659 3.73242 -18.5474 
2.336 -0.0820243 0.110476 0.229514 -0.339189 0.0818947 -0.00467742 0.0647377 -2.27526 -1.17059 0.24804 1.39866 -1.05241 0.029851 0.163864 0.0042992 -0.310348 -2.09398 -0.0284051 0.001087 0.511417 -0.343781 -0.310348 -2.09398 -0.0284051 -18.8357 1.59133 -5.83996 -5.79079 3.7357 -18.5454 
2.352 -0.0824036 0.108234 0.234588 -0.342023 0.0822733 -0.00470182 0.0634339 -2.2735 -1.16691 0.242558 1.39994 -1.05247 0.0299656 0.164499 0.00410409 -0.312952 -2.09437 -0.00384077 0.001106 0.510656 -0.343767 -0.312952 -2.09437 -0.00384077 -18.8357 1.59133 -5.83996 -5.79148 3.73664 -18.545 
2.36 -0.0824882 0.108067 0.236256 -0.343529 0.082359 -0.00468282 0.0627753 -2.27264 -1.16502 0.240089 1.40053 -1.05247 0.0301893 0.16505 0.00427564 -0.328515 -2.08508 -0.0241265 0.001163 0.510392 -0.343559 -0.328515 -2.08508 -0.0241265 -18.8357 1.59133 -5.83996 -5.78622 3.73573 -18.5469 
2.368 -0.083238 0.108 0.237851 -0.345055 0.0831086 -0.00470699 0.0620641 -2.27178 -1.16305 0.237473 1.40106 -1.05247 0.0300366 0.165853 0.00449728 -0.298499 -2.10638 -0.0499289 0.00201 0.511531 -0.344025 -0.298499 -2.10638 -0.0499289 -18.8357 1.59133 -5.83996 -5.78106 3.73712 -18.5482 
2.376 -0.0841699 0.107388 0.241617 -0.348204 0.0840391 -0.00475736 0.0613961 -2.27093 -1.161 0.234591 1.40167 -1.05248 0.0300551 0.167111 0.00443766 -0.289822 -2.18149 -0.0411282 0.004743 0.511822 -0.344047 -0.289822 -2.18149 -0.0411282 -18.8357 1.59133 -5.83996 -5.78018 3.73809 -18.5483 
2.392 -0.084387 0.104998 0.24686 -0.351057 0.0842547 -0.00479089 0.0600357 -2.26918 -1.15717 0.228753 1.40292 -1.05256 0.0302409 0.167677 0.00427585 -0.301616 -2.17122 -0.020212 0.003514 0.511127 -0.343805 -0.301616 -2.17122 -0.020212 -18.8357 1.59133 -5.83996 -5.78368 3.74207 -18.5464 
2.4 -0.0847393 0.104077 0.250577 -0.353855 0.0846072 -0.00479585 0.0594148 -2.26834 -1.15529 0.226202 1.40347 -1.05263 0.0304975 0.16855 0.00411043 -0.321586 -2.19777 0.000450129 0.004955 0.511056 -0.343781 -0.321586 -2.19777 0.000450129 -18.8357 1.59133 -5.83996 -5.78045 3.74169 -18.5475 
2.408 -0.0851986 0.104442 0.250033 -0.353678 0.0850669 -0.00480273 0.0587603 -2.26748 -1.15354 0.223806 1.40414 -1.05263 0.0302038 0.168804 0.00462331 -0.274939 -2.14931 -0.0609152 0.003717 0.512503 -0.343649 -0.274939 -2.14931 -0.0609152 -18.8357 1.59133 -5.83996 -5.77702 3.73991 -18.5489 
2.416 -0.0854137 0.10349 0.253806 -0.356498 0.0852808 -0.00482946 0.0580545 -2.26665 -1.15168 0.220948 1.40484 -1.05264 0.0305385 0.169633 0.00451249 -0.304916 -2.17115 -0.0457763 0.004819 0.510797 -0.343824 -0.304916 -2.17115 -0.0457763 -18.8357 1.59133 -5.83996 -5.77994 3.74153 -18.5476 
2.432 -0.0852732 0.101287 0.257578 -0.358067 0.0851376 -0.00487274 0.056713 -2.26501 -1.14773 0.214745 1.40617 -1.05269 0.030678 0.16972 0.00461124 -0.310821 -2.10367 -0.0558819 0.001406 0.511621 -0.343798 -0.310821 -2.10367 -0.0558819 -18.8357 1.59133 -5.83996 -5.78994 3.74689 -18.5434 
2.44 -0.0860036 0.0997899 0.26138 -0.360368 0.0858667 -0.00491631 0.0560449 -2.26418 -1.14572 0.211879 1.40694 -1.05271 0.0305706 0.170421 0.00437412 -0.286816 -2.11161 -0.0255128 0.001416 0.511802 -0.343813 -0.286816 -2.11161 -0.0255128 -18.8357 1.59133 -5.83996 -5.79136 3.74565 -18.5433 
2.448 -0.0862802 0.0998487 0.264105 -0.363156 0.0861439 -0.00491267 0.0553432 -2.26337 -1.14369 0.209248 1.40771 -1.05273 0.0309511 0.171516 0.00458905 -0.321975 -2.16699 -0.050188 0.003583 0.510487 -0.343615 -0.321975 -2.16699 -0.050188 -18.8357 1.59133 -5.83996 -5.78845 3.74298 -18.5447 
2.456 -0.0864459 0.0984385 0.266939 -0.364584 0.0863104 -0.00490361 0.0546657 -2.26256 -1.14155 0.206511 1.4084 -1.05276 0.0310041 0.171773 0.00443207 -0.316931 -2.12021 -0.0297053 0.002268 0.511444 -0.343579 -0.316931 -2.12021 -0.0297053 -18.8357 1.59133 -5.83996 -5.78526 3.74121 -18.5461 
2.472 -0.0870394 0.0958339 0.272531 -0.367572 0.0869022 -0.004949 0.0533337 -2.26096 -1.13722 0.20043 1.40989 -1.05294 0.0309615 0.172482 0.00429356 -0.300416 -2.12867 -0.0119286 0.002212 0.511707 -0.343788 -0.300416 -2.12867 -0.0119286 -18.8357 1.59133 -5.83996 -5.78973 3.73934 -18.545 
2.48 -0.0869419 0.0944888 0.275171 -0.368872 0.086805 -0.00494133 0.0526562 -2.26017 -1.13496 0.197402 1.41066 -1.05297 0.0311374 0.172634 0.00422581 -0.310604 -2.07047 -0.00328598 1e-06 0.511797 -0.343545 -0.310604 -2.07047 -0.00328598 -18.8357 1.59133 -5.83996 -5.79038 3.73779 -18.5451 
2.488 -0.0874274 0.0940675 0.2772 -0.370483 0.0872915 -0.00493593 0.0519316 -2.25937 -1.13271 0.194714 1.41136 -1.053 0.0311213 0.173303 0.00439304 -0.297563 -2.07586 -0.0231599 0.000617 0.511331 -0.34379 -0.297563 -2.07586 -0.0231599 -18.8357 1.59133 -5.83996 -5.78423 3.73521 -18.5476 
2.504 -0.0882358 0.0926507 0.282584 -0.374459 0.0881014 -0.00492906 0.0505901 -2.25783 -1.12811 0.189151 1.41288 -1.05313 0.0312722 0.174701 0.00452379 -0.304876 -2.16876 -0.0381026 0.004479 0.511354 -0.343822 -0.304876 -2.16876 -0.0381026 -18.8357 1.59133 -5.83996 -5.77674 3.72749 -18.5515 
2.512 -0.088747 0.0918584 0.285771 -0.376851 0.0886111 -0.00497154 0.0498884 -2.25701 -1.12585 0.185913 1.41356 -1.05318 0.0313471 0.17555 0.00461189 -0.302927 -2.19302 -0.0473705 0.005552 0.511351 -0.34404 -0.302927 -2.19302 -0.0473705 -18.8357 1.59133 -5.83996 -5.77942 3.729 -18.5503 
2.52 -0.0892526 0.090353 0.290058 -0.379627 0.0891145 -0.00502445 0.0492109 -2.25621 -1.12369 0.182674 1.41422 -1.05324 0.0314428 0.176348 0.00443737 -0.303496 -2.20995 -0.0248049 0.005122 0.511128 -0.343821 -0.303496 -2.20995 -0.0248049 -18.8357 1.59133 -5.83996 -5.78399 3.73155 -18.5484 
2.528 -0.0893093 0.0902003 0.291787 -0.381208 0.0891713 -0.00502364 0.0484768 -2.25551 -1.12148 0.179808 1.41497 -1.05327 0.031678 0.176933 0.00475121 -0.320774 -2.20071 -0.0614001 0.005191 0.510488 -0.343631 -0.320774 -2.20071 -0.0614001 -18.8357 1.59133 -5.83996 -5.78363 3.73102 -18.5486 
2.544 -0.0893128 0.0877091 0.296031 -0.382967 0.0891749 -0.0050212 0.0470505 -2.25409 -1.1171 0.174018 1.41623 -1.05343 0.031742 0.177075 0.00473642 -0.317 -2.13851 -0.0576176 0.004 0.511087 -0.343816 -0.317 -2.13851 -0.0576176 -18.8357 1.59133 -5.83996 -5.78236 3.7331 -18.5486 
2.552 -0.0898245 0.0865373 0.29917 -0.384928 0.0896841 -0.00507953 0.046373 -2.25342 -1.11478 0.170698 1.41685 -1.05343 0.0317018 0.177693 0.00475631 -0.300772 -2.13541 -0.0579087 0.003081 0.511538 -0.34362 -0.300772 -2.13541 -0.0579087 -18.8357 1.59133 -5.83996 -5.78722 3.73705 -18.5463 